a,1050,3,1051,1,1052,2,1053,1
abba,1052,1
acp,1047,1
acquir,1054,1
across,1050,1
administr,1055,1
among,1055,1
and,1050,1,1055,1
announc,1049,1
antoni,1055,1
ari,1048,1,1054,1
at,1051,1
author,1047,2,1053,1
bandar,1052,1
be,1056,1
been,1047,1,1052,1
biden,1055,1
bigger,1051,1
biodivers,1050,1
blinken,1055,1
block,1050,1
by,1049,1,1052,2
c,1051,1
call,1050,1
canadian,1048,2,1053,1,1054,2
canal,1047,1,1051,1,1056,1
cant,1051,1
caus,1051,1
chain,1051,1
char,1047,1,1048,1,1049,1,1050,1,1051,1,1052,1,1053,1,1054,1,1055,1
citi,1053,1,1055,1,1056,1
cobr,1048,1,1054,1
congr,1053,1
construct,1050,1
continu,1050,1
contract,1050,1,1053,1
copper,1050,1
corpor,1049,1
cortizo,1049,1
court,1052,1
crew,1052,1
cross,1056,1
cut,1047,1
daili,1056,1
decemb,1048,1,1054,1
demand,1050,1
discuss,1055,1
donoso,1048,1,1054,1
drought,1047,1,1051,1
due,1047,1
file,1048,1,1054,1
fir,1054,1
first,1048,2,1053,1,1054,1
fnv,1049,2
for,1051,1
forc,1047,1
foremost,1055,1
franco-nevada,1049,2
fresh,1051,1
from,1051,1,1053,1,1055,1
further,1056,1
get,1051,1
global,1051,1
govern,1049,1,1050,1,1053,1
ha,1047,1,1052,1
heavier,1051,1
in,1047,1,1048,2,1050,1,1051,1,1052,1,1054,1
iran,1052,1
iranian,1052,1
is,1051,1
issu,1051,1,1055,1
it,1047,1,1052,1
lake,1051,1
last,1052,1
laurentino,1049,1
led,1050,1
level,1051,1
licens,1054,1
local,1053,1
low,1051,1
m,1047,1
main,1056,1
make,1047,1
maritim,1056,1
martínez,1054,1
martíneztoronto,1048,1
mean,1051,1
media,1052,1
mexico,1055,2
mine,1048,2,1050,1,1054,1
miner,1048,2,1053,1,1054,2
minera,1053,1
monday,1050,1
more,1047,1
note,1049,1
number,1047,1
nyse,1049,1
oct,1049,1
octob,1049,1
of,1047,1,1048,2,1049,1,1052,2,1053,2,1054,2,1055,1,1056,1
offici,1055,1
on,1050,1,1051,1,1052,1,1053,1,1055,1,1056,1
one,1056,1
oper,1053,1
other,1055,1
over,1047,1
panama,1047,1,1048,2,1050,2,1051,2,1053,2,1054,2,1056,2
panama',1053,1
panama-flag,1052,1
panamanian,1049,1
photo,1048,1,1054,1
presid,1049,1
prison,1052,1
prnewswir,1049,1
propos,1053,1
protest,1050,1
quantum,1048,2,1054,1
quantum',1053,1
region.teach,1050,1
regul,1053,1
reli,1051,1
report,1052,1
rescind,1050,1
reuter,1048,2,1053,1,1054,2,1056,1
revolutionari,1052,1
rightsoct,1054,1
rout,1056,1
s,1055,1
say,1047,1
say.th,1047,1
secretari,1055,1
secur,1055,1
seiz,1052,1
sentenc,1052,1
sever,1051,1
share,1048,1,1055,1
ship,1047,1,1051,1,1056,1
state,1052,1,1055,1
street,1050,1
suppli,1051,1
tanker,1052,1
the,1047,3,1048,1,1049,2,1050,1,1051,2,1052,2,1053,1,1054,1,1055,1,1056,2
them,1055,1
through,1051,1
to,1047,3,1050,1,1052,1,1053,1,1055,1
top,1055,1
toronto,1049,1
total,1052,1
trade,1056,1
traff,1055,1
tsx,1049,1
tuesday,1052,1,1053,1
u,1055,1
union,1050,1
unit,1053,1
use,1047,1
view,1048,1,1054,1
visit,1055,1
water,1051,2
waterway,1047,1
wednesday,1055,1
which,1051,1
will,1055,1,1056,1
withdraw,1053,1
world',1056,1
worst,1047,1
year,1047,1,1052,2
