a,4887,1,4888,1
about,4889,1,4890,1
acceler,4893,1
accord,4893,1
adapt,4888,1
address,4890,1
adopt,4886,1
afforest,4887,2
after,4894,1
agric,4887,1
all,4887,1
an,4886,1,4892,1
analysi,4889,1,4890,1
and,4889,1,4890,1,4891,1,4892,1,4893,1,4894,2
anim,4891,1
ankara,4887,1
are,4894,1
artif,4889,1,4890,1
as,4887,1
attribut,4888,1
be,4887,1
biden,4889,1,4890,1
billion,4888,2
blame,4891,1
build,4894,1
burger,4891,1
call,4894,1
celsiu,4893,1
ceo,4891,1
chang,4891,1,4893,1,4894,1
char,4886,1,4887,1,4888,1,4889,1,4890,1,4891,1,4893,1,4894,1
climat,4891,1,4893,1,4894,1
close,4886,1
compani,4891,1
concern,4889,1,4890,1
corpor,4892,1
countri,4887,1,4888,1
cover,4894,1
coverag,4889,1,4890,1
covi,4888,1
cow,4891,1
crop,4894,1
cross,4893,1
daili,4889,1,4890,1
day,4887,1
de,4894,1
decad,4893,1
degre,4893,1
develop,4888,1,4889,1
digit,4892,1
dont,4891,1
drop,4886,1
eat,4891,1
effort,4887,1
either,4891,1
elanco,4891,1
electr,4886,1
email,4886,1,4889,2,4890,2
enc,4894,1
environ,4894,1
establish,4887,1
exclus,4889,1,4890,1
exxonmobil',4895,1
fahrenheit,4893,1
farmer,4894,1
fight,4894,1
financ,4888,1
floor,4892,1
follow,4886,1
for,4889,2,4890,2,4891,1
forest,4887,1
found,4888,1
free,4889,1,4890,1
full,4892,1
futur,4892,2
gap,4888,1
get,4889,1,4890,1
googl,4886,1
group,4892,1
ha,4888,1
have,4891,1
health,4891,1
healthi,4894,1
help,4894,1
hi,4891,1
in,4886,1,4887,2,4888,3,4891,1
inbox,4889,1,4890,1
inc,4892,2
incent,4894,1
insid,4889,2,4890,2
intern,4892,1
invest,4888,1
iowa,4894,1
is,4890,1,4892,1,4893,1
jeff,4891,1
joe,4889,1,4890,1
know,4891,1
large-scal,4887,1
lead,4892,1
led,4888,1
list,4894,1
london,4893,1
media,4892,1
moin,4894,1
more,4886,1
move,4886,1
nation,4886,1,4887,1
nationwid,4887,1
new,4886,1,4887,1,4892,1
nov,4887,1
ny,4892,1
occas,4887,1
of,4886,1,4887,2,4888,2,4889,1,4891,1,4892,1,4894,2
on,4886,1,4887,2,4893,1
or,4886,2
our,4889,1,4890,1,4892,1
pand,4888,1
part,4887,1,4892,1
per,4888,1
planet,4891,1
presid,4890,1
provinc,4887,1
publish,4892,1,4893,1
rapid,4886,1,4889,1
research,4893,1
reuter,4893,1
s,4894,1
save,4891,1
sci,4893,1
sent,4889,1,4890,1
shouldnt,4891,1
sign,4889,1,4890,1
simmon,4891,1
site,4892,1
soil,4894,1
someth,4891,1
space,4892,1
stop,4891,1
street,4892,1
task,4894,1
that,4893,1
the,4886,2,4887,3,4888,3,4889,2,4890,1,4891,1,4893,2,4894,2
they,4894,1
thi,4888,1,4893,1
threshold,4893,1
thursday,4893,1
to,4886,1,4888,3,4889,1,4890,1,4891,3,4893,1
told,4894,1
top,4894,1
tr,4886,1
trajectori,4888,1
u,4894,1
u-turn,4888,1
unep,4888,1
up,4889,1,4890,1
us,4886,1,4888,1,4889,1,4890,1,4892,2
vehicl,4886,1
visit,4892,1
want,4891,1
warm,4893,1
washington,4889,2,4890,2
west,4892,1
will,4886,1,4887,1,4893,1,4894,1
world,4893,1
year,4888,1,4894,1
yet,4894,1
york,4892,1
you,4891,3
your,4889,1,4890,1
zero-emiss,4886,1
