</li>,2956,1,2957,1
<li>,2956,2,2957,2
<ul>,2956,1,2957,1
a,2955,2,2958,3,2960,1,2961,1,2962,1,2963,2
accord,2961,1
acquisit,2960,1
ad,2959,1
adjust,2956,1,2957,1
air,2961,1
among,2963,1
and,2954,1,2955,1,2958,1,2960,1,2962,1
appear,2955,1
argentaria,2961,1
at,2960,2,2963,2
automot,2959,2
back,2955,1
banco,2961,1
beam,2960,1,2962,2
beem,2962,1
beemw,2962,1
been,2955,1,2959,1
big,2963,1
bilbao,2961,1
bleecker,2955,1
bookend,2954,1
brake,2961,1
brand,2963,1
but,2955,1
by,2961,1
callum,2954,1
car,2963,1
cet,2960,1
char,2954,1,2955,1,2956,1,2957,1,2958,1,2959,1,2960,1,2961,1,2962,1
co,2961,1
co-star,2955,1
compani,2961,1,2962,1
company',2958,1
concept,2963,1
david,2955,2
decreas,2958,1,2961,1
despit,2958,1
diego,2960,1,2962,1
dublin,2959,1
duchovni,2955,2
dure,2961,1
ebit,2956,1,2957,1
either,2955,1
electri,2962,1
entegri,2958,1
entg,2958,1
estim,2958,1
et,2960,1
euro,2956,2,2957,2
fan,2959,2
featur,2955,1
fifth,2954,1
film,2955,1
financi,2958,1
first,2960,1
for,2954,1,2962,1
free,2961,1
futur,2963,1
global,2959,1,2960,1,2962,2
globe,2959,1,2960,1,2962,1
ha,2959,1
had,2954,1
happen,2955,1
hint,2963,1
hold,2961,1
i,2961,1
ilott,2954,2
in,2954,2,2955,3,2958,1,2961,1
indycar,2954,1
infrastructur,2962,1
innov,2962,1
is,2959,1,2960,1
it,2955,1,2961,1
junco,2954,1
later,2955,1
lead,2962,1
line-up,2954,1
look,2960,1
m,2960,2
market,2959,2
meg,2955,2
million,2956,2,2957,2
miss,2958,1
model,2963,1
motor,2963,1
na,2960,1
nasdaq,2958,1,2962,1
net,2956,1,2957,1
newswir,2959,1,2960,1,2962,1
next,2954,1
nissan,2963,1
nov,2959,1,2960,1,2962,1
novemb,2960,1
now,2955,1
nyse,2961,1
of,2956,3,2957,3,2961,1,2962,1,2963,2
offer,2959,1
on,2958,1
or,2955,1,2962,1
p,2960,1
paint,2963,1
perform,2958,1
pictur,2963,1
place,2960,1
plan,2963,1
poi,2959,1
prior,2956,2,2957,2
provid,2958,1,2962,1
public,2960,1
quarter,2961,1
race,2954,2
radiat,2959,2
rang,2963,1
re,2955,1
recent,2960,1
replac,2954,1
report,2958,1,2959,1,2961,1
researchandmarkets.com,2959,1
reveal,2963,1
revenu,2956,1,2957,1,2958,2
ryan,2955,2
s,2955,1,2959,1,2961,1
san,2960,1,2962,1
season,2954,1
second,2961,1
semiconductor,2958,1
sequenti,2958,1
share,2961,1
shipment,2956,1,2957,1
show,2963,1
sinc,2954,1,2955,1
slight,2958,1
solid,2958,1
solut,2958,1,2962,1
street,2955,1
strong,2963,1
sustain,2962,1
take,2960,1
technolog,2961,1
that,2955,1,2963,1
the,2958,1,2959,2,2960,2,2961,2,2962,2,2963,1
their,2954,1
them,2963,1
they,2955,1
thi,2954,1,2963,1
thursday,2960,1
to,2959,1,2961,1
tokyo,2963,1
too,2963,1
total,2956,1,2957,1
tour,2960,1
two,2954,1,2955,1
unit,2956,1,2957,1
up,2956,3,2957,3
upcom,2963,1
versu,2956,3,2957,3
virtual,2960,1
vizcaya,2961,1
wab,2961,1
went,2963,1
westinghous,2961,1
what,2955,1
will,2960,1
with,2954,1,2956,1,2957,1
year,2954,1,2955,1,2956,1,2957,1,2963,1
