a,1242,1,1243,1,1245,1,1246,2,1247,2
accord,1246,1,1247,1
adapt,1241,1
adrift,1246,1,1247,1
airlin,1248,1
also,1241,2
america,1245,1
american,1243,1,1248,1
ancestri,1243,1
and,1240,2,1242,1,1243,1,1244,2,1245,2
anticip,1242,1
are,1240,1,1244,1
as,1246,1,1247,1
attack,1246,1,1247,1
attent,1240,1
attorney,1246,1,1247,1
award,1241,1
base,1244,1
be,1243,1
boost,1243,1
build,1245,1
by,1244,1
call,1240,1
care,1240,1
carri,1243,1
cartoon,1244,1
center,1240,1
chalmer,1245,1
chang,1248,1
char,1240,1,1241,1,1242,1,1243,1,1244,1,1245,1,1246,1,1247,1
child,1240,1
childhood,1240,1
come,1244,1
comedi,1244,1
common,1243,1
creat,1244,1
date,1242,1
debut,1241,1
deck,1245,1
demand,1245,1
der,1246,1,1247,1
design,1240,1
desper,1246,1,1247,1
develop,1240,1
die,1246,1,1247,1
earli,1240,1
earlier,1242,1
email,1246,1,1247,1
europ,1245,1
exclus,1245,1
famili,1246,1,1247,1
famou,1241,1
februari,1246,1,1247,1
fi,1244,1
film,1242,2
find,1243,1
for,1241,2,1242,1,1245,2
from,1245,1
gene,1243,1
globe,1241,1
go,1242,1
golden,1241,1
ha,1245,1
have,1242,1,1244,1
heart,1246,1,1247,1
her,1241,3
heyday,1242,1
hi,1246,1,1247,1
highli,1242,1
him,1246,1,1247,1
holloway,1246,1,1247,1
hubley,1244,1
if,1244,1
imper,1240,1
in,1240,1,1241,2,1242,1,1243,1,1245,1,1246,1,1247,1
increas,1245,1
intern,1242,1
ipê,1245,1
is,1241,1,1245,1,1248,1
januari,1242,1
john,1244,1,1246,1,1247,1
joran,1246,1,1247,1
kaufman,1244,1
ke,1246,1,1247,1
kelli,1246,1,1247,1
leader,1240,1
leav,1246,1,1247,1
magoo,1244,1
make,1248,1
march,1246,1,1247,1
maria,1241,1
materi,1245,1
may,1243,2
millard,1244,1
most,1241,1,1243,1
movi,1241,2,1242,1
mr,1244,1
name,1244,1
nativ,1243,1
neanderth,1243,1
new,1243,1
north,1245,1
now,1245,1
o,1245,1
of,1240,1,1241,2,1243,1,1244,1,1246,1,1247,1
on,1244,1
onlin,1244,1
paddington,1242,2
pain,1243,1
paul,1246,1,1247,1
peopl,1243,1
peru,1242,1
place,1244,1
popul,1243,1
popular,1245,1
preval,1243,1
publ,1243,1
rachel,1241,1
releas,1242,1
research,1243,1
right,1244,1
role,1241,1
s,1242,1
same,1244,1
sensit,1243,1
set,1242,1
sharpli,1245,1
she,1241,1
side,1241,1
sloot,1246,1,1247,1
son,1246,1,1247,1
spielberg,1241,1
start,1240,1
steven,1241,1
stori,1241,1
stream,1244,1
studi,1243,1,1245,1
studiocan,1242,1
suddenli,1246,1,1247,1
that,1246,1,1247,1
the,1240,2,1241,1,1242,2,1243,2,1244,4,1245,3
them,1243,1
thi,1241,1
third,1242,1
though,1242,1
to,1240,3,1244,2,1246,1,1247,1,1248,1
tropic,1245,1
type,1245,1
u,1242,1
univers,1245,1
upgrad,1240,1
van,1246,1,1247,1
variant,1243,1
wa,1241,1
watch,1244,1
west,1241,1
where,1244,1
which,1241,1
who,1243,1
will,1242,1
with,1243,1
won,1241,1
wonder,1244,1
wood,1245,1
wooden,1245,1
work,1241,1
world,1240,1
write,1246,1,1247,1
you,1244,2
zegler,1241,1
