a,3784,1,3785,2,3787,1,3789,1,3790,1,3791,2,3792,1
abbi,3786,1
action,3785,1
ag,3784,1
again,3787,1,3791,1
against,3787,1
agenda,3784,1
alli,3784,2,3785,1
ambit,3784,1
and,3787,1,3789,1,3790,1
appoint,3784,1,3788,1
are,3784,1
as,3792,1
at,3785,2
bashman,3785,1
be,3788,1
been,3788,1
beshear,3789,2,3790,2
bless,3784,1
blog,3785,1
both,3791,1
bureau,3792,1
but,3786,1,3789,1,3790,1
by,3785,1,3786,1,3787,1
c,3785,1
call,3789,1,3790,1
case,3785,1
char,3783,1,3784,1,3785,1,3786,1,3787,1,3788,1,3789,1,3790,1,3791,1
children,3786,1
close,3786,1
comment,3788,1
convent,3787,1
countri,3789,2,3790,2
cover,3792,1
daughter,3786,1
day,3787,1
de,3789,1,3790,1
dear,3786,1
debat,3787,1
default,3789,1,3790,1
dispatch,3788,2
donald,3784,1,3791,1
dorf,3785,2
elect,3791,1
enjoy,3786,1
era,3787,1
expect,3785,1
famili,3786,1
favour,3789,1,3790,1
for,3787,1
ford,3787,1
former,3791,1
frustrat,3784,1
gener,3787,1
girl,3787,1
go,3786,1
ha,3785,1,3788,2,3791,1,3792,1
have,3786,2,3787,1,3789,1,3790,1
haven,3786,1
he,3788,1
he',3791,1
henri,3787,1
hi,3784,2,3785,2
holiday,3786,1
host,3788,3
howard,3785,1
i,3786,1
idea,3787,1
if,3784,1,3785,1,3791,1
immigr,3791,1
implement,3791,1
in,3785,1,3786,1,3789,1,3790,1,3791,2
in-law,3786,1
indigen,3792,1
industri,3787,1
instal,3784,1
is,3786,1
it,3789,2,3790,2
j,3784,1
jami,3788,1
join,3792,1
joy,3792,1
kentucki,3789,1,3790,1
law,3785,1
lawyer,3784,2
lega,3791,1
mani,3789,2,3790,2
measur,3791,1
media,3785,1
michael,3785,1
mondays.sinc,3788,1
more,3784,2
my,3786,2
new,3787,1
no,3786,1
not,3785,1
novemb,3788,1
object,3789,1,3790,1
of,3786,1,3787,1,3788,1,3789,1,3790,1,3791,1
on,3785,1,3786,1,3787,1,3788,1
one,3786,1
onli,3786,1
other,3789,1,3790,1
outdat,3787,1
outlin,3791,1
over,3787,1
parliamentari,3792,1
place,3786,1
plan,3784,1
pm,3785,1
podcast,3788,2
point,3789,1,3790,1
polici,3791,1
polit,3783,1,3784,1,3788,1,3789,1,3790,1,3792,1
popular,3788,1
post,3785,2
presid,3791,2
radic,3784,1,3791,1
react,3787,1
report,3792,1
rule,3785,1
s,3786,1,3791,1
sever,3786,1
shift,3791,1
slew,3791,1
so,3786,1
social,3785,1
sometim,3784,1
son-in-law,3786,1
spark,3787,1
spearchief-morri,3792,1
spoken,3786,1
standard,3785,1
star,3792,1
stare,3787,1
state,3785,1,3789,1,3790,1
steve,3789,1,3790,1
t,3786,1
target,3791,1
th,3788,1
that,3783,1
the,3785,1,3787,3,3788,4,3789,2,3790,2,3792,1
their,3786,1,3789,1,3790,1
them,3786,1
they,3786,1,3789,1,3790,1
thi,3785,1
tiktok,3787,1
time,3787,1
to,3784,1,3786,2,3788,1,3789,1,3790,1,3791,1,3792,1
toronto,3792,1
trump,3784,2,3785,1,3789,1,3790,1,3791,1
two,3786,1
u,3791,1
unpreced,3791,1
vow,3791,1
w,3785,1
wa,3787,1
want,3784,1
weinstein,3788,2
which,3787,1
who,3784,1
will,3784,1,3788,1
win,3784,1,3785,1
work,3787,1
would,3789,2,3790,2
year,3786,1
yell,3789,1,3790,1
