a,1940,3,1941,2,1942,2,1947,1,1948,1
after,1944,1
altern,1941,1
alway,1948,1
american,1945,1
an,1941,1,1943,1
analysi,1946,1
and,1940,1,1943,2,1946,1,1948,1
anthem,1949,1
anti-migr,1943,1
are,1940,1,1947,1
around,1946,1,1947,1
as,1945,2,1947,2
assum,1944,1
at,1945,1
away,1947,1
b,1941,1
be,1948,1
believ,1948,1
berlin,1948,1
blame,1948,1
blind,1945,1
bmw,1947,2
bobber,1947,1
box,1945,1
boxer,1947,1
build,1947,1
by,1942,1,1943,1,1944,1,1948,1,1949,1
call,1947,1
chairman,1943,1
char,1940,1,1941,1,1942,1,1943,1,1944,1,1945,1,1946,1,1947,1,1948,1
concern,1947,1
countri,1944,1
coverag,1946,1
custom,1947,2
day,1948,1
democraci,1944,1
display,1940,2,1941,1,1942,1
eight,1944,1
elect,1943,1
electionth,1944,1
event,1945,1
f,1945,1
faith-bas,1945,1
far,1947,2
fathom,1945,2
featur,1945,1,1946,1
februari,1940,1,1941,1
film,1945,1
first,1949,1
from,1946,1,1948,1
game,1940,1,1941,2
get,1946,1
getti,1942,1
goe,1948,1
got,1947,1
gross,1945,1
h,1947,1
ha,1945,1
hardli,1948,1
he,1947,2
histori,1945,1
if,1948,1
illustr,1940,1,1941,1,1942,2
imag,1942,3
in,1940,2,1941,2,1942,1,1943,2,1944,3,1945,1
is,1940,1,1941,3,1945,2,1947,1,1948,2,1949,2
it,1943,1
jacek,1947,1
jarosław,1943,1
jeszcz,1949,1
justic,1943,1,1948,1
kaczyński,1943,1
krakow,1940,1,1941,1
laptop,1940,1
last,1944,1
latest,1946,1
law,1943,1,1948,1
led,1943,1
liber,1944,1
lightrocket,1942,1
live,1946,1
logo,1940,1,1942,1
lost,1943,1,1949,1
mani,1944,1,1947,1
mateusz,1942,1
matter,1948,1
migrat,1948,1
million,1945,1
most,1945,1
mulak,1947,1
nation,1949,1
nationalist-populist,1943,1
new,1940,1,1941,1
news,1946,1
nie,1949,1
niemci,1948,1
no,1948,1
north,1945,1
not,1947,1,1949,1
now,1945,1
observ,1944,1
octob,1943,1
of,1944,2,1945,2,1949,1
off-beat,1946,1
offic,1945,1
on,1940,3,1941,2,1942,1,1943,1
one,1947,1
opposit,1944,1
over,1943,1
parliamentari,1944,1
parti,1943,1,1948,1
phone,1940,1,1941,1
photo,1940,1,1941,2,1942,2
pi,1943,1,1948,1
poland,1940,1,1941,1,1942,1,1949,2
poland',1943,1,1948,1
polish,1944,1,1949,1
polska,1949,1
problem,1948,1
quordl,1940,2,1941,2,1942,1
recent,1947,1
referendum,1943,1
releas,1945,1
return,1944,1
rule,1944,1,1948,1
ruler,1943,1
s,1945,1,1947,1
said,1947,1
screen,1940,2,1941,1
secur,1948,1
seem,1944,1
seen,1940,1,1941,1,1942,1
slodkowski,1942,1
smartphon,1942,1
so,1947,1
sopa,1942,2
stori,1946,1
success,1945,1
sunday,1943,1
taken,1940,1,1941,1
that,1941,1,1944,1,1947,1
the,1943,1,1944,4,1945,6,1946,2,1947,1,1948,3,1949,1
there,1947,1
thi,1940,1,1941,1,1942,1,1947,1
to,1941,1,1944,2,1947,2,1948,3,1949,1
today,1945,1
too,1947,1
translat,1949,1
turn,1947,1
twice,1943,1
vers,1949,1
via,1942,1
victori,1944,1
weekend,1944,1
west,1944,1
what,1948,1
when,1947,1
which,1949,1
without,1948,1
word,1940,1,1941,1,1948,1
wordl,1941,1
world,1946,1
written,1949,1
year,1944,1
yet,1949,1
zgina,1949,1
