a,4074,1,4075,3,4078,1,4080,1
about,4073,1,4075,1
across,4079,1
administr,4076,2,4077,2
agricultur,4082,1
all,4074,1,4079,1
an,4078,1,4081,1
and,4074,1,4076,2,4077,2,4080,2,4081,1,4082,1
announc,4074,1
annual,4074,2
are,4075,1,4080,1,4081,1
arr,4074,1
attack,4078,1
avocado,4080,1
be,4079,1
becom,4080,2
been,4078,1
began,4078,1
best,4073,1
bomb,4078,1
book,4075,1
but,4079,1
by,4078,1
call,4074,1
carnegi,4081,1
char,4073,1,4074,1,4075,1,4076,1,4077,1,4078,1,4079,1,4080,1,4081,1
chicken,4082,1
chickpea,4080,1
classif,4081,1
coco,4075,1
come,4074,1
commission,4076,1,4077,1
contemplat,4079,1
credit,4081,1
cru,4075,1
cruis,4075,2
day,4082,1
delicaci,4080,1
deputi,4076,1,4077,1
develop,4079,1
dine,4073,1,4075,1
disney,4073,2,4074,3,4075,3,4079,3
displac,4078,1
drug,4076,2,4077,2
educ,4081,1
eff,4081,1
epcot,4074,1
español,4077,1
estim,4078,1
excit,4075,1
experi,4075,1
first,4082,1
fleet,4075,1
follow,4082,1
food,4073,1,4076,3,4077,3,4082,1
for,4074,1,4076,2,4077,2,4078,1
frequent,4079,1
fresno,4081,2
from,4076,1,4077,1,4078,1
gaza,4078,1
get,4079,1
ha,4079,1,4080,2
hama,4078,1
have,4075,1,4078,1,4080,1,4082,1
higher,4081,1
home,4078,1
honest,4079,1
human,4076,1,4077,1
hummu,4080,1
if,4079,1
immedi,4076,1,4077,1
in,4075,1,4078,1,4081,2,4082,1
intern,4079,1
is,4073,1,4080,1
isra,4078,1
it,4074,1,4075,1
jame,4076,1,4077,1
jealou,4079,1
jiménez-sandov,4081,1
jone,4076,1,4077,1
jungl,4075,1
just,4074,1
known,4081,1
kuch,4082,1
learn,4075,1
line,4075,1
love,4079,1
meat,4080,1
milit,4078,1
militari,4078,1
million,4078,1
more,4075,2
much,4080,1
new,4074,1,4079,1
newest,4075,1
not,4082,1
novemb,4076,1,4077,1
oct,4078,1
of,4073,1,4079,1,4080,1,4081,1,4082,1
offer,4073,1
on,4075,1,4078,1
one,4073,1
onli,4074,1
option,4073,1
out,4080,1
palestinian,4078,1
park,4079,1
part,4073,1
pass,4074,1
passhold,4074,1
passholder-exclus,4074,1
photo,4081,1
practic,4080,1
presid,4081,1
pretti,4079,1
price,4082,1
produc,4080,1
propo,4077,1
propos,4076,1
rang,4073,1
rare,4080,1
re,4076,1,4079,1
realm,4081,1
releas,4076,1,4077,1
remov,4082,1
requir,4080,1
resort,4079,1
retali,4078,1
run,4080,1
s,4073,1,4074,2,4076,1,4077,1,4079,1
say,4082,1
saúl,4081,1
scarc,4080,1
secur,4082,1
see,4079,1
ship,4075,1
shot,4082,1
sinc,4078,1
so,4080,3
sometim,4079,1
state,4081,2
statement,4076,1,4077,1
strip,4078,1
student,4081,1
subsidi,4082,1
surpris,4078,1
that,4074,1,4080,2
the,4073,2,4075,5,4076,1,4077,1,4078,2,4079,1,4080,1,4081,2,4082,2
their,4078,1
there,4074,1
thi,4074,1
to,4074,1,4075,1,4076,1,4080,1
today,4076,1,4077,1
tokyo,4079,1
treasur,4075,1
treat,4074,2
two,4082,1
u,4076,1,4077,1
univers,4081,1
up,4082,1
us,4079,1
water,4080,1
we,4075,2,4079,3,4080,2
well,4081,1
which,4080,1
will,4074,1,4075,1
within,4081,1
world,4073,2,4074,2
year,4080,1
you,4074,1
