a,2995,2,2997,1,2998,1,3002,1
about,2995,1
accord,2999,1,3000,1,3002,1
advis,3002,1
advisor,2999,1
alreadi,2996,1
an,3000,1
and,2995,1,2996,1,3002,1
appl,2994,1
approv,2997,1,3003,2
architectur,2998,1
arm,2998,1
as,2995,2
assembl,2997,1
at,3003,1
avinya,2998,1
babi,2995,1
base,3003,2
be,2995,1
better,2995,1
billion,2997,1
bola,2997,1
boost,3001,1
bought,3002,1
bu,2995,1
budget,2997,2
by,2999,1,3000,1,3001,1,3003,1
car,2995,1,2998,1
certain,2995,1
char,2994,1,2995,1,2996,1,2997,1,2998,1,2999,1,3000,1,3001,1,3002,1,3003,1
child,2996,1
climat,3003,1
commerci,2995,1
compani,2999,1,3002,1
corpor,3003,1
cut,3000,1
dalla,3000,1
daughter,2996,1
day,2996,1
delhi,2998,1
develop,2998,1
donat,2995,1
each,2997,1
edmo,2995,1
eet,3003,1
electr,2998,1
electrifi,2998,1
end,2995,1
eversourc,2999,1
evil,2995,1
f,3001,1
fall,3004,1
file,2999,1,3000,1,3002,1
first,3000,1
follow,2994,1
for,2997,2,2998,1
ford,3001,1
form,2999,1,3000,1
free,2999,1,3000,1,3001,1,3002,1
from,2998,1
gener,2999,1,3000,1,3002,1
gm,2999,1,3000,1,3002,1
gmm,2999,1,3000,1,3002,1
grandson,2996,1
ha,2997,1,2998,1,3003,1
had,2996,1
her,2996,4
hold,3000,1,3001,1
holdingschannel.com,3001,1
i,2995,1
in,2996,2,2999,3,3000,2,3001,2,3002,3
inc,3000,1
initi,3003,2
ink,2998,1
institut,3001,1
invest,3002,1
investor,3001,1
is,2995,1,2996,1,2997,1
it,2995,1,2998,1,2999,2,3000,2,3001,1,3002,1
it',2995,1
jaguar,2998,1
jingl,2995,1
land,2998,1
last,2996,1
licens,2998,1
life,2996,1
lisa,2996,2
llc,2999,1,3002,1
lost,2996,1
lp,3001,1
manag,3001,1
mari,2996,2
menuadam,3004,1
mission,3001,1
morgan,3004,1
most,2999,1,3000,1,3002,1
mother,2996,1
motor,2998,1,2999,1,3000,1,3001,1,3002,1
mr,2997,1
nation,2997,1
never,2995,1
new,2998,1,3002,1
novemb,3003,1
nyse,2999,1,3000,1,3001,1,3002,1
of,2996,1,2997,2,2998,2,3001,1
on,2995,1,2998,1
onli,2996,1
or,2995,1
own,3001,1
pact,2998,1
part,2997,1
posit,2999,1,3002,1
presid,2997,1
presidenti,2997,1
presley,2996,2
press,3003,1
priscilla,2996,1
psychopush,2995,1
purchas,2997,1
quarter,2999,1,3000,1,3001,1,3002,1
rang,2998,1
recal,2996,1
recent,2999,1,3000,1,3002,1
recommend,2995,1
reduc,2999,1
releas,3003,1
report,2999,1,3000,1,3001,2,3002,1
return,3004,1
rover,2998,1
said,2998,1
sano,3003,1
sanoma,3003,2
sbti,3003,1
scienc,3003,2
second,2999,1,3000,1
secur,3000,2,3002,1
sent,2997,1
shar,3001,1
share,3001,1
shark,2995,1
small,2995,1
song,2995,1
sourc,2998,1
sum,2997,1
supplementari,2997,1
ta,2998,1
target,3003,3
tata,2998,1
tear,2996,1
that,2995,1
the,2995,2,2996,2,2997,4,2998,1,2999,2,3000,2,3001,2,3002,3,3003,2
thursday,2998,1
tinubu,2997,2
to,2995,1,2997,1,2998,1,2999,1,3000,1,3002,1,3004,1
trillion,2997,1
tse,2999,1,3000,1,3002,1
u,2999,1,3000,1,3002,1
vehicl,2998,1
w,2999,1
wealth,2999,1,3001,1
wheel,2995,1
when,2996,1
with,2996,1,3000,1,3002,1
world,2995,1
would,2995,1
