a,3249,1,3250,1,3251,1,3252,1,3253,2
actor,3252,2
add,3253,1
after,3250,1,3251,1
all,3254,2
alt,3254,1
am,3254,1
an,3252,1,3254,1
and,3248,2,3249,1,3250,2,3251,2,3252,1,3253,1,3254,3,3255,1
appear,3249,1
as,3249,2,3252,1
ask,3248,1
at,3251,1,3253,1
attent,3255,1
be,3251,1
beatl,3250,1,3251,1
beau,3248,1
becaus,3254,2
been,3253,1
befor,3251,1
behind,3251,1
boombox,3253,1
break,3249,1
breakup,3250,1
button,3253,1
by,3250,1
call,3250,1
char,3248,1,3249,1,3250,1,3251,1,3252,1,3253,1,3254,1,3255,1
chri,3249,1
cnn,3249,1
co-op,3253,1
come,3248,1
comment,3253,2
commentari,3249,1
comput,3255,1
contributor,3249,1
coverag,3249,1
cultu,3249,1
day,3253,1
delight,3250,1
demo,3251,1
der,3254,1
distribut,3255,1
du,3254,1
ein,3254,1
eye,3251,1
fan,3250,1
film,3252,1
finn,3248,1
first,3251,1,3255,1
five,3248,1
for,3248,1,3252,1
gain,3255,1
ha,3249,1
had,3253,1
hatti,3248,1
have,3252,1
he,3252,1,3253,1
here,3251,1
hi,3252,1,3253,1
hit,3253,1
i,3254,2
if,3254,1
in,3249,1,3252,1,3253,1,3255,1
indian,3252,1
industri,3252,1
internet,3255,2
introduct,3252,1
is,3251,2,3252,2,3255,1
ist,3254,1
it,3248,1,3250,1,3251,1,3254,4,3255,1
jahr,3254,1
john,3250,1,3251,1,3253,1
join,3249,1
kara,3249,1
khan,3252,2
kid,3248,1
klavier,3254,1
know,3254,1
last,3251,1
late,3253,1
lennon,3250,1,3251,1,3253,1
liam,3248,1
lie,3254,1
long,3251,1
made,3250,1
mainstream,3255,1
make,3254,1
media,3255,1
million,3250,1
more,3250,1
morri,3255,1
most,3252,1
nearli,3251,1
need,3252,1
network,3249,1
new,3250,1,3253,1
no,3252,1
novemb,3255,1
now,3250,1,3251,1,3254,1
oder,3254,1
of,3249,1,3250,2,3252,1,3254,2,3255,2
oldest,3255,1
on,3249,2,3253,2
on-air,3249,1
one,3252,1,3253,1,3255,1
or,3255,1
panelist,3249,1
play,3252,1
popular,3252,1
possibl,3250,1
privaci,3248,1
provid,3249,1
record,3253,1
regular,3249,1
releas,3250,1
renown,3252,1
result,3255,1
roll,3251,1
rollout,3251,1
rukh,3252,1
s,3249,1
sang,3253,1
save,3253,2
sein,3254,1
shah,3252,1
show,3249,1
sich,3254,1
side,3253,1
signific,3255,1
sinc,3251,1
song,3250,1,3251,2,3253,1
stella,3248,1
stori,3251,1,3253,2
success,3252,1
sung,3250,1
swisher,3249,1
sänger,3254,1
tech,3249,1
th,3255,1
than,3250,1
the,3249,1,3250,2,3251,4,3252,2,3253,2,3255,4
their,3248,1,3250,1
then,3250,1
thi,3253,1,3256,1
through,3254,1
to,3248,1,3250,1,3253,1,3255,1
today,3250,1
tout,3251,1
true,3254,1
unbestimmt,3254,1
undoubtedli,3252,1
upcom,3249,1
upper,3253,1
versatil,3252,1
via,3255,1
w,3252,1
wa,3250,1
wallac,3249,1
way,3251,1
weekend,3249,1
wendet,3254,1
west,3253,1
when,3248,1
worldwid,3250,1
worm,3255,3
written,3250,1
year,3250,1,3251,1
you,3251,1,3254,2
your,3251,1,3253,1
