a,1930,1,1931,2,1932,1,1933,3,1934,2,1936,1,1939,3
academi,1932,1
accord,1937,1
account,1932,1
adrien,1932,1
after,1930,1
ago,1934,1
agre,1938,1
alreadi,1930,1
altern,1931,1,1939,1
among,1936,1
an,1931,1,1937,1,1939,1
and,1930,3,1933,1,1934,1,1935,1,1939,1
announc,1938,1
anti,1934,1
are,1933,1,1936,1,1939,1
arriva,1938,1
autobiograph,1932,1
award-win,1932,1
b,1931,1,1935,1
bahn,1938,1
baltic,1936,2
bar,1930,1
basi,1932,1
be,1937,1
been,1932,1
blame,1937,1
blurb,1935,1
bomber,1935,1
boy,1935,1
bring,1935,1
brodyha,1932,1
brought,1935,1
build-up,1930,1
but,1936,1
came,1930,1
capit,1938,1
chang,1937,1
char,1930,1,1931,1,1932,1,1933,1,1934,1,1935,1,1936,1,1937,1,1938,1,1939,1
clean,1935,1
climat,1937,1
communist,1934,2
compani,1938,1
conflict,1937,1
decad,1934,1
despit,1934,2
deutsch,1938,1
diseas,1937,1
display,1931,1,1933,2,1939,1
donald,1935,1
doorstep,1935,1
european,1938,1
expert,1935,1
favor,1934,1
februari,1931,1,1933,1,1939,1
film,1932,1
for,1937,1
game,1931,2,1933,1,1939,2
germany',1938,1
gettin,1930,1
ground,1935,1
ha,1938,1
hand,1936,1
histor,1936,1
historian,1935,1
hitler',1935,1
i,1938,1
ii,1935,1
illustr,1931,1,1933,1,1939,1
in,1931,2,1933,2,1934,1,1937,1,1939,2
infrastructur,1938,1
into,1932,1
investor,1938,1
is,1931,3,1933,1,1936,1,1937,2,1939,2
it,1930,1,1936,1,1938,1
june,1934,1
justifi,1936,1
krakow,1931,1,1933,1,1939,1
laptop,1933,1,1939,1
legionnair,1937,1
lithuania,1936,2
littl,1936,1
logo,1933,1,1940,1
media,1937,1
miller,1935,1
musi,1932,1
new,1931,1,1932,1,1933,1,1939,1
now,1930,1
of,1930,1,1932,2,1934,1,1935,1,1937,1
offici,1935,1
on,1931,2,1933,3,1935,1,1936,1,1937,1,1939,2
oper,1938,1
other,1936,1,1937,1
out,1930,1,1936,1
outbreak,1937,2
outlet,1937,1
over,1937,1
parti,1934,1
phobia,1936,2
phone,1931,1,1933,1,1939,1
photo,1931,2,1933,1,1939,1
pianist,1932,2
play,1932,1,1936,1
plu,1936,1
poland,1931,1,1933,1,1934,1,1936,1,1937,1,1939,1
polish,1932,1
possibl,1937,1
process,1934,1
propaganda,1934,1
public,1938,1
quordl,1931,2,1933,3,1939,2,1940,1
railway,1938,1
read,1935,1
rig,1934,1
role,1936,1
ruling-class,1937,1
s,1930,1,1937,1
same,1936,1
screen,1931,1,1933,2,1939,1
seen,1931,1,1933,1,1939,1
sell,1938,1
slept,1935,1
smear,1934,1
soldier,1935,1
squar,1938,1
stand,1936,1
star,1932,1
state,1936,1
state-own,1938,1
still,1936,1
stori,1935,1
subsidiari,1938,1
summer,1937,1
support,1934,1
surpris,1934,1
szpilmanwhich,1932,1
taken,1931,1,1933,1,1939,1
teas,1930,1
that,1931,1,1939,1
the,1932,4,1934,1,1935,4,1936,3,1937,4,1938,1
then,1930,1
they,1935,1
thi,1931,1,1933,1,1936,1,1939,1
thirty-four,1934,1
thursday,1930,1
to,1931,1,1934,2,1935,1,1937,1,1938,2,1939,1
transport,1938,1
turn,1932,1
unlik,1935,1
up,1934,1
us,1935,1
us-bas,1938,1
vote,1934,1
w,1939,1
wa,1932,1
war,1935,2
week,1930,1
which,1936,1
who,1935,1
with,1932,1
wladyslaw,1932,1
woke,1934,1
word,1931,1,1933,1,1939,1
wordl,1931,1
world,1935,1
year,1934,1
