a,1968,1,1969,2,1970,3,1971,3,1972,4,1973,3,1974,2,1975,2,1976,2
about,1972,1
all,1978,1
along,1978,1
altern,1969,1,1971,1,1973,1,1974,1,1975,1,1976,1
an,1969,1,1971,1,1973,1,1974,1,1975,1,1976,1,1977,1
and,1970,1,1971,1,1972,1,1973,1,1977,1
ap,1979,1
are,1970,1,1971,1,1973,1,1978,1
at,1972,1
b,1969,1,1974,1,1975,1,1976,1
believ,1972,1
bid,1968,1
both,1977,1
c,1978,1
campaign,1977,1
case,1977,1
cd,1972,1
char,1968,1,1969,1,1970,1,1971,1,1972,1,1973,1,1974,1,1975,1,1976,1,1977,1,1978,1
confeder,1977,1
consecut,1968,1
could,1977,1
democrat,1979,1
develop,1972,1
display,1969,1,1970,2,1971,1,1973,1,1974,1,1975,1,1976,1
dystopian,1972,1
elect,1978,1
exit,1978,1
fair,1972,1
far-right,1977,1
februari,1969,1,1970,1,1971,1,1973,1,1974,1,1975,1,1976,1
feel,1977,1
first,1978,1
flash,1978,1
for,1968,1,1972,2
futur,1972,1
game,1969,2,1970,1,1971,2,1972,1,1973,2,1974,2,1975,2,1976,2
govern,1977,1
hi,1972,1
illustr,1969,1,1970,1,1971,1,1973,1,1974,1,1975,1,1976,1
in,1968,1,1969,2,1970,2,1971,2,1972,2,1973,2,1974,2,1975,2,1976,2,1977,1,1978,1,1979,1
is,1969,3,1970,1,1971,2,1973,2,1974,3,1975,3,1976,3
justic,1977,1
krakow,1969,1,1970,1,1971,1,1973,1,1974,1,1975,1,1976,1
labor,1972,1
laptop,1970,1,1971,1,1973,1
law,1977,1
lempart',1978,1
logo,1970,1
mani,1977,1
marta,1978,1
mind,1978,1
more,1978,1
nation,1978,1
need,1977,1
negoti,1972,1
new,1969,1,1970,1,1971,1,1973,1,1974,1,1975,1,1976,1
not,1977,1
of,1972,1,1977,1,1978,1
on,1969,2,1970,3,1971,2,1973,2,1974,2,1975,2,1976,2,1978,1
one,1972,1
opposit,1979,1
option,1977,1
p,1968,1
parti,1977,2,1979,1
phone,1969,1,1970,1,1971,1,1973,1,1974,1,1975,1,1976,1
photo,1969,2,1970,1,1971,1,1973,1,1974,2,1975,2,1976,2
poland,1969,1,1970,1,1971,1,1973,1,1974,1,1975,1,1976,1,1979,2
poland',1978,1
pole,1977,1
polish,1972,1
poll,1978,1
populist,1968,1
price,1972,1
projekt,1972,1
quordl,1969,2,1970,3,1971,2,1973,2,1974,2,1975,2,1976,2
red,1972,1
respons,1972,1
restor,1979,1
right,1978,1
saw,1978,1
say,1977,1
screen,1969,1,1970,2,1971,1,1973,1,1974,1,1975,1,1976,1
seen,1969,1,1970,1,1971,1,1973,1,1974,1,1975,1,1976,1
set,1972,1
she,1978,1
some,1977,1
specul,1977,1
standard,1979,1
studio,1972,1
sunday,1978,1
support,1977,1
taken,1969,1,1970,1,1971,1,1973,1,1974,1,1975,1,1976,1
term,1968,1
than,1978,1
that,1969,1,1971,1,1973,1,1974,1,1975,1,1976,1,1977,3,1978,1,1979,1
the,1972,1,1977,2,1978,2
them,1978,1
then,1978,1
there,1978,1
thi,1969,1,1970,1,1971,1,1973,1,1974,1,1975,1,1976,1
third,1968,1
though,1977,1
thought,1978,1
three,1979,1
through,1978,1
to,1969,1,1971,1,1973,1,1974,1,1975,1,1976,1,1977,1,1979,1
togeth,1979,1
trilog,1972,1
us,1978,1
videogam,1972,1
vow,1979,1
w,1971,1,1973,1
wa,1977,1,1978,1
warsaw,1979,1
we,1978,1
were,1978,1
whe,1972,1
when,1978,1
who,1972,1
won,1979,1
word,1969,1,1970,1,1971,1,1973,1,1974,1,1975,1,1976,1
wordl,1969,1,1974,1,1975,1,1976,1
worker,1972,1
