a,3684,2,3686,2,3687,2,3688,2,3689,2,3690,2,3691,2,3692,2,3693,2,3694,2,3695,2,3696,2
accompani,3683,1
actual,3684,1,3686,1,3687,1,3688,1,3689,1,3690,1,3691,1,3692,1,3693,1,3694,1,3695,1,3696,1
and,3683,1,3684,1,3686,1,3687,1,3688,1,3689,1,3690,1,3691,1,3692,1,3693,1,3694,1,3695,1,3696,1
approach,3683,1
are,3684,1,3686,1,3687,1,3688,1,3689,1,3690,1,3691,1,3692,1,3693,1,3694,1,3695,1,3696,1
big,3683,1
blog,3684,1,3686,1,3687,1,3688,1,3689,1,3690,1,3691,1,3692,1,3693,1,3694,1,3695,1,3696,1
but,3684,1,3686,1,3687,1,3688,1,3689,1,3690,1,3691,1,3692,1,3693,1,3694,1,3695,1,3696,1
char,3683,1,3684,1,3686,1,3687,1,3688,1,3689,1,3690,1,3691,1,3692,1,3693,1,3694,1,3695,1
check,3683,1
chuck,3684,1,3686,1,3687,1,3688,1,3689,1,3690,1,3691,1,3692,1,3693,1,3694,1,3695,1
claim,3684,1,3686,1,3687,1,3688,1,3689,1,3690,1,3691,1,3692,1,3693,1,3694,1,3695,1,3696,1
clear,3685,1
concis,3684,1,3686,1,3687,1,3688,1,3689,1,3690,1,3691,1,3692,1,3693,1,3694,1,3695,1
const,3683,1
do,3684,1,3686,1,3687,1,3688,1,3689,1,3690,1,3691,1,3692,1,3693,1,3694,1,3695,1
elect,3683,1
few,3684,1,3686,1,3687,1,3688,1,3689,1,3690,1,3691,1,3692,1,3693,1,3694,1,3695,1,3696,1
flag,3683,1
hoard,3683,1
host,3684,1,3686,1,3687,1,3688,1,3689,1,3690,1,3691,1,3692,1,3693,1,3694,1,3695,1
humdrum,3683,1
is,3683,1,3684,1,3686,1,3687,1,3688,1,3689,1,3690,1,3691,1,3692,1,3693,1,3694,1,3695,1
lot,3684,1,3686,1,3687,1,3688,1,3689,1,3690,1,3691,1,3692,1,3693,1,3694,1,3695,1,3696,1
meet,3684,1,3686,1,3687,1,3688,1,3689,1,3690,1,3691,1,3692,1,3693,1,3694,1,3695,1
news,3684,1,3686,1,3687,1,3688,1,3689,1,3690,1,3691,1,3692,1,3693,1,3694,1,3695,1,3696,1
of,3683,1,3684,3,3686,3,3687,3,3688,3,3689,3,3690,3,3691,3,3692,3,3693,3,3694,3,3695,3,3696,1
one,3683,1,3684,1,3686,1,3687,1,3688,1,3689,1,3690,1,3691,1,3692,1,3693,1,3694,1,3695,1
onli,3684,1,3686,1,3687,1,3688,1,3689,1,3690,1,3691,1,3692,1,3693,1,3694,1,3695,1,3696,1
parti,3683,1
polit,3684,2,3685,1,3686,2,3687,2,3688,2,3689,2,3690,2,3691,2,3692,2,3693,2,3694,2,3695,2,3696,1
press,3684,1,3686,1,3687,1,3688,1,3689,1,3690,1,3691,1,3692,1,3693,1,3694,1,3695,1
real,3685,1
relev,3684,1,3686,1,3687,1,3688,1,3689,1,3690,1,3691,1,3692,1,3693,1,3694,1,3695,1
site,3684,1,3686,1,3687,1,3688,1,3689,1,3690,1,3691,1,3692,1,3693,1,3694,1,3695,1,3696,1
th,3684,1,3686,1,3687,1,3688,1,3689,1,3690,1,3691,1,3692,1,3693,1,3694,1,3695,1
that,3683,1
the,3683,1,3684,1,3686,1,3687,1,3688,1,3689,1,3690,1,3691,1,3692,1,3693,1,3694,1,3695,1
them,3684,1,3686,1,3687,1,3688,1,3689,1,3690,1,3691,1,3692,1,3693,1,3694,1,3695,1
there,3683,1,3684,1,3686,1,3687,1,3688,1,3689,1,3690,1,3691,1,3692,1,3693,1,3694,1,3695,1,3696,1
to,3684,2,3686,2,3687,2,3688,2,3689,2,3690,2,3691,2,3692,2,3693,2,3694,2,3695,2,3696,1
todd,3684,1,3686,1,3687,1,3688,1,3689,1,3690,1,3691,1,3692,1,3693,1,3694,1,3695,1
understand,3684,1,3686,1,3687,1,3688,1,3689,1,3690,1,3691,1,3692,1,3693,1,3694,1,3695,1,3696,1
usual,3683,1
vehicl,3683,1
when,3683,1
wire,3684,1,3686,1,3687,1,3688,1,3689,1,3690,1,3691,1,3692,1,3693,1,3694,1,3695,1
