a,4788,1,4789,1,4794,2,4795,1,4796,1
acquir,4790,1
action,4794,1
although,4787,1
an,4788,1,4795,1
anali,4788,1
and,4788,1,4789,1,4790,1,4791,2,4792,2,4793,2,4794,1,4795,2
anth,4790,1
are,4795,1
around,4787,1,4794,1
articl,4796,1
as,4793,1,4794,1
at,4787,1,4793,1
away,4787,1
been,4793,1
bia,4795,1
big,4794,1
by,4790,2,4793,1,4796,1
calcul,4795,1
capac,4788,1
car,4790,1
catastroph,4794,1
chang,4791,1,4795,1
char,4787,1,4788,1,4789,1,4790,1,4791,1,4792,1,4793,1,4794,1,4795,1
ciarán,4793,1
claim,4789,1
climat,4789,1,4791,1,4792,1,4795,2
clock,4787,1
close,4794,1
corpor,4789,1
countri,4788,1
d,4788,1
develop,4788,1
disconnect,4795,1
discuss,4791,1,4792,1
down,4793,1
econom,4795,2
electr,4788,1
england,4788,1
ensur,4794,1
environ,4791,1,4792,1
environment,4789,1
europ,4793,1,4794,1
extract,4787,1
face,4794,1
fall,4793,1
father,4790,1
feder,4789,1
field,4790,1
financi,4795,1
finish,4790,1
firm,4789,1
five,4793,1
for,4789,1,4794,1
forebod,4794,1
fossil,4787,1
from,4789,1,4790,1,4795,1
fuel,4787,1
get,4788,1
gnaw,4787,1
govern,4789,1,4791,1,4792,1
grid,4788,1
group,4789,1
growth,4795,1
have,4788,1,4789,1,4791,1,4792,1,4793,1
hit,4793,1
ice,4790,1
in,4788,2,4790,2,4794,1,4795,1
inact,4795,1
indic,4791,1,4792,1
inflat,4794,1
insur,4794,2
interregion,4788,1
into,4793,1
is,4787,1,4790,1,4796,1
june,4790,1
key,4789,1,4794,1
kill,4793,1
knock,4793,1
kuala,4792,1
law,4789,1
least,4793,1
legal,4789,1
litig,4789,1
loss,4794,1
lumpur,4792,1
m,4791,1
mani,4788,1
minim,4788,1
mislead,4789,1
model,4795,1
most,4787,1
mph,4793,1
natur,4791,1,4792,1
neighbor,4788,1
new,4788,1,4790,1
night,4793,1
of,4787,1,4788,1,4790,1,4793,1,4795,1,4796,1
on,4791,1,4792,1,4793,1
oppos,4789,1
out,4793,1
outlook,4794,1
over,4789,1,4790,1,4793,1
part,4788,1,4796,1
peak,4793,1
penang,4791,1,4792,1
peopl,4793,1
perak,4791,2,4792,2
perpetu,4795,1
plan,4788,1
point,4789,1
policymak,4795,1
power,4793,1
privat,4789,1
profitabi,4794,1
propos,4789,1,4791,1,4792,1
protect,4789,1
purchas,4790,1
r-design,4790,1
readi,4791,1,4792,1
region,4788,2
resourc,4791,1,4792,1
risk,4795,1
s,4790,1
say,4791,1,4792,1
sch,4793,1
scheme,4791,1,4792,1
scienc,4795,1
seller,4790,2
seri,4796,1
sh,4787,1
share,4788,1
shut,4793,1
soil,4787,1
spur,4794,1
stabil,4795,1
start,4791,1,4792,1
state,4791,1,4792,1
storm,4793,1
stubborn,4794,1
sungai,4791,1,4792,1
take,4794,1
that,4789,1
the,4787,4,4788,1,4790,3,4791,2,4792,2,4794,1,4795,2,4796,1
their,4791,1
thi,4790,1,4796,1
three,4789,1
thursday,4793,1
to,4787,1,4788,1,4791,1,4792,1,4794,2,4795,2
transfer,4791,1,4792,1
transmiss,4788,1
tree,4793,1
use,4795,1
volvo,4790,2
wa,4790,2
war,4794,1
water,4791,1,4792,1
waukesha,4790,1
wednesday,4793,1
western,4793,1
white,4790,1
wind,4793,1
wisconsin,4790,1
with,4788,1,4793,1
world,4787,1,4794,1
would,4789,1
year,4789,1
