a,3602,2,3603,2,3604,1
alarm,3602,1
all,3598,1,3599,1
allow,3602,1
almost,3597,1
among,3602,1
and,3598,1,3599,1,3600,1,3601,1,3604,1,3605,2
announc,3600,1,3601,1
anticip,3598,1,3599,1
are,3598,1,3599,1,3601,1,3605,1
as,3603,1
award,3604,2
away,3603,1
be,3598,1,3599,1
bear,3603,1
beauti,3604,1
befor,3603,2
biologist,3605,1
boat,3603,1
bottom,3603,1
brown,3603,1
by,3603,1,3605,1
can,3605,1
canon,3600,1,3601,1
caption,3605,1
celebr,3604,1
char,3597,1,3598,1,3599,1,3600,1,3601,1,3602,1,3603,1,3604,1,3605,1
click,3605,1
cold,3603,1
collect,3604,1
compet,3602,1
competit,3602,1
consid,3600,1
damn,3600,1
debut,3604,1
dog,3604,4
enjoy,3600,1
enlarg,3605,1
episod,3598,2,3599,2
eye,3598,1,3599,1
f,3600,1
famili,3605,1
far,3602,1
fashion,3597,1
feel,3597,1
fifteen,3603,1
five,3598,1,3599,1
for,3600,1,3602,1,3605,1
four,3598,1,3599,1
from,3601,1,3605,1
gener,3602,1
girl,3602,1
ha,3600,1,3605,1
had,3603,1
hard,3603,1
have,3602,1,3605,1
he,3597,1
hey,3605,1
hi,3605,1
home,3606,1
how,3600,1
i,3603,2
images.th,3604,1
in,3597,1,3598,2,3599,2,3600,1,3602,1,3603,2,3604,2,3605,1
indent,3605,1
instal,3598,1,3599,1
intend,3602,1
is,3600,2,3601,3,3603,1
it,3600,3,3604,1
jodi,3605,1
just,3600,1,3602,1,3603,1
kodiak,3603,1
l,3601,1
len,3600,1
lens,3601,1
let,3604,1
littl,3602,1
longest,3600,1
made,3604,1
man,3597,1,3602,1
mani,3605,1
mcu,3598,1,3599,1
me,3603,2
melvil,3601,1
metal,3603,1
might,3598,1,3599,1
mirror,3598,1,3599,1
mm,3600,1,3601,3
moment,3603,2
monument,3598,1,3599,1
most,3598,2,3599,2
mother,3603,1
mount,3600,1
my,3605,1
mysteri,3598,1,3599,1
narr,3605,1
never,3603,1
new,3601,1,3606,2
news,3606,1
north,3602,1
novemb,3601,1
now,3601,1
ny,3601,1
of,3598,2,3599,2,3602,1,3603,1,3604,2,3605,1
offici,3601,1
on,3598,1,3599,1,3603,1,3605,1
one,3598,1,3599,1
organ,3602,1
out,3604,1
parent,3602,1
photo,3605,2
photographi,3604,2
predestin,3597,1
pretti,3600,1
previous,3601,1
real,3600,1
rearview,3598,1,3599,1
rece,3598,1,3599,1
recent,3602,1
renaiss,3597,1
return,3604,1
rf,3600,2,3601,2
rf-,3601,1
rumor,3601,1
sat,3603,1
seat,3603,1
seen,3603,1
shown,3602,1
silli,3604,1
stm,3601,1
stun,3604,1
swept,3603,1
swim,3602,1
taken,3605,1
teenag,3602,1
televis,3598,1,3599,1
that,3597,1,3602,1,3603,1
the,3598,2,3599,2,3600,3,3601,1,3603,3,3604,3,3605,2
their,3600,1
them,3605,1
there,3603,1
three,3601,1
thu,3602,1
to,3602,1,3604,1
today,3605,1
tonight',3598,1,3599,1
toronto,3602,1
town,3605,1
tri,3600,1
true,3597,1
usm,3600,1,3601,2
vacat,3605,1
wa,3600,1,3602,1,3603,1
we,3600,1,3605,1
weve,3600,1
which,3598,1,3599,1,3604,1
who,3603,1,3604,1
with,3598,1,3599,1
world,3600,1
worth,3600,1
would,3597,1
year,3605,1
year-old,3602,1
york,3606,2
you,3605,1
z,3601,1
zoom,3600,1
