a,4804,3,4805,1,4806,2,4807,4,4810,2,4811,2,4813,1
acquisit,4809,1
across,4812,1
ad,4805,1
all,4806,1,4811,1
all-wheel-dr,4811,1
also,4812,1
an,4811,1
and,4804,2,4805,1,4806,1,4809,1,4810,1,4811,1,4812,1
are,4808,1,4812,1
aria,4808,1
as,4812,1
audi,4811,1
automat,4804,1,4807,1,4810,1,4811,1
becom,4812,1
been,4805,1
beig,4811,1
best,4808,1
black,4804,1,4806,1,4810,1
blue,4804,1,4810,1
bmw,4809,2
busi,4808,1
by,4804,1,4805,2,4806,1,4810,1,4811,1
cabriolet,4806,1,4810,1
california,4805,1
car,4805,1
carrera,4810,1
case,4804,1
center,4808,1
central,4812,1
ceo,4808,1
char,4804,1,4805,1,4806,1,4807,1,4808,1,4809,1,4810,1,4811,1,4812,1
chevrolet,4807,1,4813,1
cl,4808,1
clean,4808,1
co-found,4808,1
convert,4809,1
crew-cab,4813,1
dark,4810,1
data,4808,1
dealer,4809,1
deliv,4809,1
destruct,4812,1
differenti,4807,1
discoveri,4804,1
drive,4806,1,4811,1
dual-rang,4804,1
dualli,4813,1
eaton,4807,1
eight-spe,4811,1
finish,4804,1,4806,1,4810,1,4811,1
flat-six,4806,1,4810,1
for,4808,1
found,4812,1
four,4806,1,4811,1
four-spe,4804,1,4807,1
from,4812,1
getti,4808,1
granturismo,4805,1
gust,4812,1
ha,4805,1,4809,1
have,4805,1,4812,2
help,4808,1
hudson,4809,1
iceland,4804,1
ii,4804,1
in,4804,1,4805,1,4806,1,4809,3,4810,1,4811,1
increasingli,4808,1
indic,4805,1
initi,4809,1
is,4804,2,4805,1,4806,2,4808,1,4810,2,4811,1,4813,1
it,4804,1,4805,1
known,4812,1
l,4806,1
land,4804,1
leath,4804,1
leather,4806,1,4810,1
limited-slip,4807,1
line,4812,1
link,4804,1
liter,4804,1,4805,1,4807,1,4810,1,4811,1
long-b,4813,1
ls,4813,1
madaeni,4808,1
manual,4806,1
maserati,4805,1
metal,4810,1
mile,4805,1
modifi,4807,1
more,4812,2
move,4808,1
new,4805,1,4809,1
of,4808,1,4809,1
option,4808,1
organ,4808,1
out,4812,1
over,4804,1,4806,1,4810,1,4811,1
ownership,4807,1
pair,4810,1
pdk,4810,1
pickup,4813,1
porsch,4806,1,4810,1
poughkeepsi,4809,1
power,4804,1,4805,1,4806,1,4808,1,4810,1,4811,1,4812,1
prior,4807,1
procur,4808,1
purchas,4805,1
quattro,4811,1
rear,4807,1
regist,4809,1
remain,4805,1,4809,1
rover,4804,1
s,4805,1,4809,1,4810,2,4812,1
scientist,4812,1
se,4804,1
seen,4812,1
sell,4809,1
seller,4805,1
seven-spe,4810,1
sey,4808,1
silverado,4813,1
sinc,4805,1
six-spe,4806,1
softwar,4808,1
speed,4806,1
standard,4810,1
state,4809,1
station,4807,1
straight,4812,1
system,4811,1
tdi,4811,1
that,4806,1,4813,1
the,4805,2,4808,1,4809,3,4810,1,4812,2
their,4808,1
them,4805,1
thi,4804,1,4805,1,4806,1,4807,1,4809,1,4810,1,4811,1,4813,1
through,4809,1,4811,1
thrown,4812,1
thunderstorm,4812,1
to,4809,1
toward,4808,1
transaxl,4810,1
transfer,4804,1
transmiss,4804,1,4807,1,4811,1
turbo,4806,1
turbodiesel,4811,1
twin-turbocharg,4806,1
two-door,4807,1
u,4812,1
under,4807,1
upholsteri,4806,1
valley,4809,1
vers,4808,1
via,4806,1
wa,4805,1,4807,1,4809,1
wagon,4807,1
wheel,4806,1,4811,1
where,4805,1
white,4811,1
whose,4808,1
widespread,4812,1
wind,4812,2
with,4804,1,4805,1,4807,1,4810,1
yellow,4806,1
york,4809,1
