a,3792,1,3793,1,3794,2,3795,1,3796,1,3798,1,3799,1,3800,1
about,3795,1,3796,1,3800,1
activ,3793,1
address,3798,1
administr,3799,1
admir,3798,1
all,3793,1,3801,1
allegedli,3799,1
allow,3799,1
american,3794,2
and,3792,2,3793,3,3797,1,3798,1,3801,2
are,3793,1,3799,1
arthur,3797,1
as,3793,1,3795,1,3796,1,3800,1
assess,3793,1
at,3792,1,3798,2
authoritarian,3793,1
axel,3798,1
baptist,3795,1,3796,1,3800,1
between,3793,1
blocs.foreign,3793,1
but,3795,1,3796,1,3800,1
by,3794,1,3797,1,3801,1
canaver,3797,1
cape,3797,1
char,3792,1,3793,1,3794,1,3795,1,3796,1,3797,1,3798,1,3799,1,3800,1
china,3793,1
clair,3801,1
commemor,3798,1
committe,3799,1
comparison,3795,1,3796,1,3800,1
confer,3798,1
continu,3798,1
critic,3798,1
d-md,3795,1,3796,1,3800,1
democrat,3795,1,3796,1,3800,1
dollar,3794,1
donor,3799,1
draw,3793,1
eight,3795,1,3796,1,3800,1
end,3795,1,3796,1,3800,1
endless,3794,1
exce,3797,1
feder,3801,1
firstenberg,3797,1
for,3794,1,3795,1,3796,1,3800,1
franc,3793,1
free,3793,1
french,3793,1
from,3797,2
fun,3799,1
fundrais,3799,1
gallup,3794,1
global,3793,1
globe,3792,1
govern,3801,1
h,3795,1,3796,1,3800,1
harvard,3798,1
he,3795,1,3796,1,3800,1
hi,3798,1
honneth,3798,1
hous,3799,1
hoyer,3795,3,3796,3,3800,3
in,3793,3,3794,1,3797,1,3798,2
interfer,3793,1
is,3794,1,3795,2,3796,2,3800,2
issu,3792,1
it,3799,1
johnson,3795,1,3796,1,3800,1
last,3798,1
launch,3797,1
leader,3795,1,3796,1,3800,1
left-w,3799,1
lenient,3799,1
line,3793,1
low-orbit,3797,1
ma,3792,1
mani,3801,1
meddler,3793,1
mention,3793,1
million,3797,1
moni,3799,1
month,3798,1
more,3797,1
morn,3797,1
my,3798,1
nathaniel,3801,1
nation,3792,1
new,3794,1
news,3792,1
novemb,3797,1
now,3797,1
number,3797,1
of,3794,1,3797,1,3801,2
on,3797,1,3799,2
one,3797,1
open,3798,1
out,3794,1
over,3799,1
oversea,3794,1
p,3794,1
photograph,3801,1
plan,3797,1
platform,3799,1
plural,3794,1
polici,3801,1
polit,3792,1,3793,1
poll,3794,1
pose,3798,1
practic,3799,1
probe,3799,1
prolong,3794,1
promin,3799,1
proxi,3794,1
question,3798,1,3801,1
raw,3795,1,3796,1,3800,1
recent,3792,1
rep,3795,1,3796,1,3800,1
report,3792,1
republican,3799,1
reveal,3794,1
russia,3793,1
satellit,3797,2
say,3795,1,3796,1,3800,1
send,3794,1
serv,3795,1,3796,1,3800,1
she,3792,1
should,3798,1
sink,3794,1
so,3795,1,3796,1,3800,1
societi,3793,1
spacex,3797,1
st,3801,1
steni,3795,1,3796,1,3800,1
stori,3795,1,3796,1,3800,1
sunday,3797,1
support,3794,1
surpris,3798,1
survey,3794,1
taxpay,3794,1
that,3793,1,3795,1,3796,1,3798,1,3799,1,3800,1
the,3792,1,3794,2,3795,1,3796,1,3797,1,3798,2,3799,1,3800,1,3801,2
theocrat,3795,1,3796,1,3800,1
theori,3798,1
thi,3798,1
thursday,3794,1
to,3798,1,3799,1
told,3795,1,3796,1,3800,1
turkey,3793,1
ukrain,3794,1
unlaw,3799,1
verif,3799,1
view,3798,1
wa,3792,1,3798,1
war,3794,1
where,3795,1,3796,1,3800,1
who,3795,1,3796,1,3800,1
year,3795,1,3796,1,3800,1
