<li>,1302,1
<ul>,1302,1
a,1295,1,1296,1,1297,1,1299,1,1300,1,1301,1,1302,1
about,1298,1
across,1302,1
admit,1303,1
against,1301,1
alabama,1300,1
all,1295,1
america,1299,1
american,1296,1
an,1296,1,1300,1
and,1295,1,1296,1,1297,1,1299,1,1302,1
answer,1298,1
antarctica,1302,1
are,1299,1
argentia,1299,1
argentina,1301,1
arriv,1302,1
aruba,1296,1,1303,1
as,1300,1
at,1299,1,1300,1
avenu,1295,1
be,1297,1,1301,1
beach,1300,1
believ,1297,1
beth,1297,1,1298,1
bible-thump,1297,1
bird,1302,1
bludgeon,1300,1
bought,1297,1
brazil,1299,1
but,1295,1,1297,1
by,1297,1
captain,1301,1
champion,1301,1
char,1295,1,1296,1,1297,1,1298,1,1299,1,1300,1,1301,1,1302,1
chief,1298,1,1303,1
christian,1297,1
claim,1297,1
close,1295,1
coach,1301,1
confess,1296,1,1300,1
conmebol,1299,1
consid,1298,1
contain,1299,1
courtroom,1300,1
cup,1299,2,1301,1
daddi,1297,1
daughter,1298,1
daughter',1298,1
de,1296,1
deadli,1302,1
death,1300,1
decim,1302,1
der,1297,2,1298,1,1300,1
despit,1301,1
disappear,1296,1,1303,1
doubt,1301,1
dutch,1300,1
dutchman,1296,1
ecuador,1295,1
expect,1302,1
expert,1302,1
famili,1296,1
father,1297,1
final,1300,1
first,1302,1
flu,1302,1
for,1298,1,1301,1,1302,1
got,1298,1
grief-stricken,1300,1
ha,1296,1,1299,1,1302,1
happen,1298,1
he,1300,1,1303,1
heard,1297,1
heart,1295,1
help,1297,1
her,1296,1,1298,2,1303,1
hi,1297,1
holloway,1298,1,1300,1
holloway',1303,1
home,1299,1
i,1297,1
in,1295,1,1296,2,1297,1,1298,1,1299,1,1300,2,1301,1,1302,1,1303,2
includ,1301,1
is,1299,1,1301,1
joran,1296,1,1298,1,1300,1
joran',1297,1
kill,1303,1
killer,1300,1
l,1302,1
lash,1300,1
lawyer,1297,1
lionel,1301,2
long,1298,1
main,1295,1
mammal,1302,1
marin,1302,1
messi,1301,2
miss,1298,1
mother,1300,1
murder,1296,1
natale,1300,1,1303,1
nevertheless,1295,1
now,1297,1
of,1295,3,1296,1,1299,2,1302,1
on,1295,1,1300,1,1301,1
one,1298,1,1299,2
out,1300,1
pack,1295,1
paraguay,1301,1
part,1295,1
paul,1297,1
popul,1302,1
prime,1296,1
promin,1297,1
prosecutor,1296,1
qualifi,1299,1,1301,1
quick,1302,1
quito,1295,1
read,1302,1
region,1299,1
s,1300,1,1301,1
said,1296,1,1301,1
say,1302,1
scaloni,1301,1
seabird,1302,1
she,1298,1
shop,1295,1
shyri,1295,1
side,1299,1
sloot,1297,2,1298,1,1300,1
soon,1302,1
sought,1298,1
south,1299,1
squad,1301,1
still,1301,1
strain,1302,1
street,1295,1
suspect,1296,1,1298,1,1303,1
teen,1300,1
that,1297,1,1299,1,1300,1,1302,1
the,1295,5,1296,3,1298,1,1299,2,1300,2,1301,2,1302,2,1303,1
them,1298,1
they,1302,1
thing,1298,1
thoroughfar,1295,1
time,1302,1
to,1296,1,1297,1,1298,1,1299,1,1300,1
toughest,1299,1
unbeat,1299,1
underway,1299,1
vacat,1296,1
van,1296,1,1297,2,1298,1,1300,1
victim',1296,1
wa,1295,1,1296,1,1297,1,1301,1
ward,1297,1
wednesday,1296,1,1298,1,1300,1,1301,1
were,1295,1
what,1298,1
when,1298,1
who,1296,1,1297,1
will,1302,1
winner,1299,1
woman,1296,1
world,1299,2,1301,2,1302,1
world',1299,1
year,1298,1
