a,1960,1,1962,3,1964,2,1965,2,1966,2,1967,2
activ,1961,1
affect,1968,1
after,1960,1
alicant,1963,1
all,1961,1
altern,1964,1,1966,1
an,1964,1,1966,1
and,1959,1,1962,1,1968,1
are,1958,1,1962,1
articl,1961,2
as,1968,1
at,1959,1
author,1961,1
b,1964,1,1966,1
barbi,1959,1
be,1961,1
been,1960,1
beetl,1959,1
below,1961,1
biaystok,1960,1
biggest,1959,1
blue,1959,1
brask,1960,1
bro,1959,1
button,1961,1
by,1961,1,1965,1,1967,1
can,1961,1
centuri,1960,1
char,1958,1,1959,1,1960,1,1961,1,1962,1,1963,1,1964,1,1965,1,1966,1,1967,1
cleantechnica,1958,1
click,1961,1
come,1959,1
comi,1959,1
competit,1959,1
congress,1958,1
continu,1958,1
could,1968,1
daili,1961,1
dc,1959,1
decad,1960,1
display,1962,2,1964,1,1965,1,1966,1,1967,1
eastern,1960,1
elect,1968,1
email,1958,1
estudiosoctob,1963,1
european,1968,1
februari,1962,1,1964,1,1966,1
fir,1958,1
follow,1958,1
for,1959,1
four,1958,1
from,1958,2,1959,2,1960,1
fundaci,1963,1
futur,1968,1
game,1962,1,1964,2,1966,2
getti,1965,1,1967,1
global,1961,2
googl,1958,1
great,1958,1
greatli,1968,1
ha,1960,1
had,1958,1,1959,1
half,1960,1
he,1961,1
here,1958,1
hit,1959,1
hoard,1960,1
hous,1959,1
illustr,1962,1,1964,1,1965,2,1966,1,1967,2
imag,1965,3,1967,3
in,1960,1,1961,1,1962,2,1964,2,1965,1,1966,2,1967,1,1968,1
is,1962,1,1964,3,1966,3
it,1959,3,1960,1
jewelri,1960,1
krakow,1962,1,1964,1,1966,1
languag,1961,1
laptop,1962,1
lightrocket,1965,1,1967,1
liveoctob,1963,1
logo,1962,1,1965,1,1967,1
loot,1960,1
madrid,1963,1
mateusz,1965,1,1967,1
mobil,1958,1
mon,1963,1
museum,1960,1
málaga,1963,1
name,1961,1
near,1960,1
neighbour,1968,1
new,1958,2,1962,1,1964,1,1966,1
newslett,1961,1
octob,1963,1
of,1960,2
on,1958,3,1959,1,1962,3,1964,2,1965,1,1966,2,1967,1,1968,1
or,1958,1
out,1959,1
own,1959,1
parliamentari,1968,1
parí,1963,1
phone,1962,1,1964,1,1966,1
photo,1962,1,1964,2,1965,2,1966,2,1967,2
podlasi,1960,1
poland,1960,1,1962,1,1964,1,1965,1,1966,1,1967,1,1968,1
preciou,1960,1
pvod,1959,1
quordl,1962,3,1964,2,1965,1,1966,2,1967,1
radar,1963,1
read,1961,1
receiv,1961,1
rent,1959,1
research,1961,2
rule,1968,1
s,1959,2
sala,1963,3
screen,1962,2,1964,1,1966,1
second,1960,1
seen,1962,1,1964,1,1965,1,1966,1,1967,1
select,1961,1
sevilla,1963,1
silver,1960,1
slodkowski,1965,1,1967,1
smartphon,1965,1,1967,1
some,1959,1
sopa,1965,2,1967,2
spain,1963,5
stori,1958,2
sunday,1968,1
taken,1962,1,1964,1,1966,1
that,1964,1,1966,1,1968,1
the,1958,3,1959,1,1960,4,1961,2,1968,2
thi,1962,1,1964,1,1965,1,1966,1,1967,1
third,1959,1
tie,1968,1
to,1958,1,1960,1,1961,1,1964,1,1966,1
transfer,1960,1
translat,1961,1
treasur,1960,1
ukrain,1968,1
union,1968,1
updat,1958,1
us,1958,1
via,1965,1,1967,1
vigo,1963,1
vote,1968,1
wa,1960,1
warner,1959,2
we,1958,2
websit,1961,1
week,1959,1
with,1968,1
within,1959,1
word,1962,1,1964,1,1966,1
wordl,1964,1,1966,1
xnovemb,1963,1
year,1959,1
