</li>,2700,3
</ul>,2700,1
<li>,2700,4,2705,1
<ul>,2700,2,2705,1
a,2699,1,2701,2,2702,2
abrdn,2707,1
accord,2703,1,2704,1,2706,1,2707,1
accus,2701,1
adjust,2700,1
advisori,2703,1
affin,2702,1
altern,2702,1
and,2698,1,2699,2,2701,1,2702,2,2705,2
area,2701,1
attribut,2702,1
awar,2702,2
ba,2698,1
balkan,2699,1
bank,2706,1,2707,1
bay,2701,1
be,2702,1
been,2701,2,2702,1
between,2699,1
big,2698,1
bk,2706,1,2707,1
boebert,2708,1
boss,2698,1
by,2703,1,2704,1,2706,1,2707,1
can,2702,1
capit,2704,1
car,2699,1
char,2698,1,2699,1,2700,1,2701,1,2702,1,2703,1,2704,1,2705,1,2706,1,2707,1
citi,2701,1
citizen,2706,1
co,2703,1,2706,1,2707,1
cohort,2701,1
colorado,2708,1
compani,2704,1,2707,1
convert,2701,1
crash,2699,1
deploy,2701,1
divide-and,2701,1
dure,2706,1
ebitda,2700,1
enabl,2705,1
eu,2699,1
even,2699,1
exchang,2699,1
factor,2702,1
farmland,2701,1
fatal,2699,1
fil,2704,1
file,2703,1,2706,1,2707,1
financi,2704,1,2706,1
firm,2703,1
focu,2705,1
for,2702,1
form,2707,1
free,2703,1,2704,1,2706,1,2707,1
global,2705,2
greater,2705,1
grew,2704,1
group,2706,1
growth,2705,1
gunfir,2699,1
ha,2702,1
have,2699,1,2701,2
hbk,2703,1
higher,2705,2
hold,2704,2,2707,1
hoover,2701,1
hope,2701,1
in,2698,1,2699,1,2701,1,2702,1,2703,2,2704,3,2706,1,2707,3
inc,2704,1,2706,1
includ,2702,1
incom,2700,1
increas,2702,2
into,2699,1,2701,1
invest,2702,1
investor,2702,2
is,2708,1
it,2701,1,2703,2,2704,2,2706,2,2707,2
key,2702,1
kkr,2703,1
kohlberg,2703,1
kravi,2703,1
l,2703,1
lauren,2708,1
lessen,2703,1
lethal,2699,1
llc,2703,1
lp,2704,1
lpl,2704,1
lpla,2704,1
made,2699,1
manag,2704,1,2705,1
margin,2705,1
mellon,2706,1,2707,1
migrant,2699,1
million,2700,3
month,2699,1,2700,2
more,2699,1
most,2703,1,2704,1,2706,1,2707,1
msp,2705,1
nasdaq,2704,1
net,2700,3
new,2701,1,2706,1,2707,1
nine,2700,1
notic,2702,1
number,2699,1
nyse,2703,1,2706,1,2707,1
of,2699,2,2701,3,2704,1,2706,2,2707,2
on,2705,1
origin,2698,1
outcome-bas,2705,1
outsourc,2705,1
ow,2703,1
p,2703,1
plc,2707,1
process,2705,1
provid,2705,1
quantinno,2704,1
quarter,2703,1,2704,1,2706,1,2707,1
rais,2707,1
recent,2699,1,2703,1,2704,1,2706,1,2707,1
recruit,2705,1
reduc,2706,1
releas,2698,1
report,2703,1,2704,1,2706,1,2707,1
repres,2708,1
republican,2708,1
result,2700,2
revenu,2700,2
ri,2706,1
robert,2703,1
rout,2699,1
rpo,2705,1
se,2707,1
sec,2703,1
servic,2705,1
sever,2702,1
share,2704,1,2706,1,2707,1
silicon,2701,1
smuggler,2699,1
solut,2705,2
sorc,2703,1
specialti,2705,1
stake,2703,1,2706,1
strong-arm,2701,1
tactic,2701,1
tech,2701,1
th,2706,1
the,2699,4,2701,2,2703,3,2704,2,2706,2,2707,4
there,2702,1
thi,2702,1
three,2700,1
through,2699,1
titan,2701,1
to,2702,1,2703,1,2704,1,2706,1,2707,1
treacher,2699,1
up,2701,1
valley,2701,1
wa,2700,4
western,2699,1
which,2702,1
who,2701,1
with,2703,1,2706,1,2707,1
yet,2699,1
york,2706,1,2707,1
