a,1950,1,1952,1,1953,1,1954,3,1955,2
after,1956,1
agre,1953,1
altern,1954,1,1955,1
america,1950,2
an,1949,2,1951,1,1952,1,1954,1,1955,1
and,1950,1,1951,2,1952,1,1953,1,1954,1,1956,2
anim,1951,2
announc,1953,1
anth,1949,1
are,1954,1
argentinian,1951,1
australia,1950,1,1956,1
b,1955,1
be,1957,1
belaru,1952,1
both,1956,1
by,1957,1
campaign,1956,1
cd,1957,2
cereal,1953,1
char,1949,1,1950,1,1951,1,1952,1,1953,1,1954,1,1955,1,1956,1,1957,1
citi,1956,1
classic,1950,1
confirm,1957,1
countri,1953,1
cup,1956,1
cyberpunk,1957,1
daili,1958,1
day,1957,1
deep,1952,1
design,1957,1
develop,1957,1
display,1954,1,1955,1
djokov,1956,1
drawn,1956,1
dure,1957,1
east,1950,1
ecologist,1952,1
entertain,1951,1
europ,1952,1
export,1953,1
fairytal,1952,1
featur,1950,1
februari,1954,1,1955,1
first,1953,1
for,1949,1,1952,1,1956,1,1957,1,1958,1
forest,1952,1
from,1951,1
game,1954,2,1955,2
get,1951,1
giant,1951,1
grain,1953,1
ha,1950,1,1951,1,1957,1
had,1953,1
hunt,1952,1
iga,1956,1
illustr,1954,1,1955,1
in,1949,1,1950,1,1952,1,1954,2,1955,2,1956,2
in-between,1952,1
insid,1952,1
inspir,1951,1
intern,1950,1
investor,1957,1
is,1953,1,1954,2,1955,3
it,1949,1,1953,1
józef,1949,1
kid,1951,1
kossack,1952,1
krakow,1954,1,1955,1
kyiv,1953,1
l,1952,1
laptop,1954,1
last,1952,1
latin,1950,1
liberti,1957,1
lionel,1951,2
lodg,1952,1
messi,1951,3
middl,1950,1
mix,1956,1
monday,1956,1
music,1951,1
new,1950,1,1954,1,1955,1
news,1958,1
nobleman,1949,1
north,1950,1
novak,1956,1
oct,1956,1
octob,1957,1
of,1952,2,1953,1,1957,1
old,1952,1
on,1953,1,1954,2,1955,2,1956,1,1957,1
one,1952,1
open,1956,1
oscar,1950,1
out,1952,1
over,1952,1
peasant,1950,1
perth,1956,1
phantom,1957,1
phone,1954,1,1955,1
photo,1954,1,1955,2
pictur,1950,1,1951,1
poland,1950,1,1952,1,1953,1,1954,1,1955,1,1956,1
polish,1949,1
present,1957,1
primev,1952,1
projekt,1957,2
quordl,1954,2,1955,2
red,1957,1
red',1957,1
remain,1952,1
resolv,1953,1
respons,1957,1
right,1950,1
s,1949,1
screen,1954,1,1955,1
second,1950,1
secur,1950,1
seen,1954,1,1955,1
sequel,1957,1
serb,1956,1
serbia,1956,1
seri,1951,1
sign,1958,1
simona,1952,1
soccer,1951,1
soni,1950,1,1951,3
spc,1950,1
speed,1953,1
stand,1952,1
star,1951,1
step,1953,1
straight,1952,1
submissionth,1950,1
swiatek,1956,1
sydney,1956,1
taken,1954,1,1955,1
team,1956,1,1957,1
televis,1951,1
text,1949,1
th,1953,1
that,1954,1,1955,1,1957,1
the,1950,2,1951,1,1952,1,1953,1,1956,2,1957,2
their,1953,1,1956,1
they,1953,1
thi,1954,1,1955,1
third,1953,1
through,1953,1
to,1950,1,1953,2,1954,1,1955,1
toward,1953,1
transit,1953,1
tuesday,1953,1
ukrainian,1953,1
unit,1956,1
unusu,1949,1
up,1953,1,1958,1
w,1954,1
war,1953,1
warsaw,1953,1
were,1956,1
whi,1951,1
will,1956,1,1957,1
with,1951,1
word,1954,1,1955,1
wordl,1955,1
wybicki,1949,1
year,1952,1
zealand,1950,1
