a,1216,2,1217,1,1220,1,1223,2,1224,1
accord,1223,1
actual,1219,1
adrift,1223,1
after,1221,1,1222,1
although,1219,1
an,1217,1
and,1216,2
anniversari,1220,1
argentina,1219,1
argentina',1218,1,1221,1,1222,1
arid,1217,1
as,1215,1,1216,1,1223,1
at,1217,1,1221,1,1222,1
attack,1223,1,1224,1
attorney,1223,1
beersheba,1217,2
begin,1216,1
boast,1217,1
both,1219,1
broke,1216,1
celebr,1220,1
char,1215,1,1216,1,1217,1,1218,1,1219,1,1220,1,1221,1,1222,1,1223,1
citi,1217,1
club,1219,1
cocina,1220,1
commun,1220,1
concern,1221,1,1222,1
confirm,1219,1
cup,1218,1,1219,1,1221,2,1222,2
der,1223,1,1224,1
desert,1217,1
desper,1223,1
despit,1218,1
die,1223,1,1224,1
dusti,1217,1
e,1217,1
edg,1217,1
email,1223,1
embarcadero,1220,1
environ,1217,1
ep,1216,1
esteem,1220,1
fail,1221,1,1222,1
famili,1223,1
februari,1223,1,1224,1
field,1218,1
final,1219,1
fiorito,1220,1
first,1216,1
fit,1221,1,1222,1
five,1218,1
for,1218,2,1219,1,1221,1,1222,1
francisco',1220,1
fresia,1216,1
fulli,1216,1
gamma,1220,1
goal,1219,1
growth,1216,1
ha,1218,1
hasn't,1219,1
have,1218,1
he,1219,1
heart,1223,1,1224,1
heart-to-bodi,1216,1
her,1216,1
hi,1223,1
him,1218,1,1223,1
holloway,1223,1
in,1217,1,1219,2,1221,1,1222,1,1223,1,1224,1
inter,1219,1
interior,1220,1
is,1216,1,1219,1
israel,1217,2
it,1217,1,1219,1,1220,1
john,1223,1
joran,1223,1
ke,1215,1,1223,1
kelli,1223,1
kept,1218,1
kourtesi,1216,1
la,1216,1,1220,2
last,1221,1,1222,1
leav,1223,1
lie,1217,1
lineup,1221,1,1222,1
lionel,1218,1,1219,1,1221,1,1222,1
lyricist,1216,1
madr,1216,1
magdalena,1216,1
mar,1220,2
marc,1220,1
march,1215,1,1223,1
match,1218,1,1221,1,1222,1
messi,1218,2,1219,2,1221,1,1222,1
miami',1219,1
mileston,1220,1
miss,1218,1
more,1217,1
muscular,1218,1
negev,1217,1
nestl,1217,1
next,1218,1
nine,1220,1
northern,1217,1
odd,1217,1
of,1216,2,1217,1,1218,1,1220,1,1223,1,1224,1
off,1218,1
on,1216,1,1217,1,1219,1,1220,1,1221,1,1222,1
open,1216,1
out,1216,1
over,1221,1,1222,1
pain,1218,1
paul,1223,1,1224,1
perla,1216,1
peru,1221,1,1222,1
peruana,1220,1
pick,1218,1
plan,1219,1
play,1219,1
qualifi,1218,1,1221,1,1222,1
recent,1220,1
reminisc,1216,1
resid,1217,1
return,1221,1,1222,1
right,1221,1,1222,1
s,1221,1
san,1220,1
saturday,1219,1
say,1219,1
score,1219,1
season,1219,1
sequenc,1216,1
seri,1220,1
shell,1216,1
si,1222,1
singer,1216,1
sloot,1223,1,1224,1
so,1216,1
son,1223,1
southern,1217,1
start,1221,2,1222,2
suddenli,1223,1,1224,1
t,1216,1
than,1217,1
that,1216,2,1218,1,1219,1,1223,1
the,1217,2,1218,2,1219,2,1220,1,1221,3,1222,3
thursday,1218,1
to,1221,2,1222,2,1223,1
tuesday',1221,1,1222,1
two,1218,2,1221,1,1222,1
van,1223,1,1224,1
wa,1218,1
waterfront,1220,1
week,1218,1
who,1219,1
will,1219,1
winner,1221,1,1222,1
with,1216,1,1217,2,1220,1
world,1218,1,1219,1,1221,2,1222,2
write,1215,1,1223,1
year,1220,1
year-old,1218,1
