a,3697,2,3698,2,3699,2,3700,2,3701,2,3702,2,3703,2,3704,2,3705,2,3706,2,3707,2,3708,2,3709,1
actual,3696,1,3697,1,3698,1,3699,1,3700,1,3701,1,3702,1,3703,1,3704,1,3705,1,3706,1,3707,1,3708,1
and,3697,1,3698,1,3699,1,3700,1,3701,1,3702,1,3703,1,3704,1,3705,1,3706,1,3707,1,3708,1,3709,1
are,3697,1,3698,1,3699,1,3700,1,3701,1,3702,1,3703,1,3704,1,3705,1,3706,1,3707,1,3708,1,3709,1
blog,3697,1,3698,1,3699,1,3700,1,3701,1,3702,1,3703,1,3704,1,3705,1,3706,1,3707,1,3708,1,3709,1
but,3697,1,3698,1,3699,1,3700,1,3701,1,3702,1,3703,1,3704,1,3705,1,3706,1,3707,1,3708,1,3709,1
char,3696,1,3697,1,3698,1,3699,1,3700,1,3701,1,3702,1,3703,1,3704,1,3705,1,3706,1,3707,1,3708,1
chuck,3696,1,3697,1,3698,1,3699,1,3700,1,3701,1,3702,1,3703,1,3704,1,3705,1,3706,1,3707,1,3708,1
claim,3697,1,3698,1,3699,1,3700,1,3701,1,3702,1,3703,1,3704,1,3705,1,3706,1,3707,1,3708,1,3709,1
concis,3696,1,3697,1,3698,1,3699,1,3700,1,3701,1,3702,1,3703,1,3704,1,3705,1,3706,1,3707,1,3708,1
do,3696,1,3697,1,3698,1,3699,1,3700,1,3701,1,3702,1,3703,1,3704,1,3705,1,3706,1,3707,1,3708,1
few,3697,1,3698,1,3699,1,3700,1,3701,1,3702,1,3703,1,3704,1,3705,1,3706,1,3707,1,3708,1
host,3696,1,3697,1,3698,1,3699,1,3700,1,3701,1,3702,1,3703,1,3704,1,3705,1,3706,1,3707,1,3708,1
is,3696,1,3697,1,3698,1,3699,1,3700,1,3701,1,3702,1,3703,1,3704,1,3705,1,3706,1,3707,1,3708,1
lot,3697,1,3698,1,3699,1,3700,1,3701,1,3702,1,3703,1,3704,1,3705,1,3706,1,3707,1,3708,1,3709,1
meet,3696,1,3697,1,3698,1,3699,1,3700,1,3701,1,3702,1,3703,1,3704,1,3705,1,3706,1,3707,1,3708,1
news,3697,1,3698,1,3699,1,3700,1,3701,1,3702,1,3703,1,3704,1,3705,1,3706,1,3707,1,3708,1,3709,1
of,3696,2,3697,3,3698,3,3699,3,3700,3,3701,3,3702,3,3703,3,3704,3,3705,3,3706,3,3707,3,3708,3,3709,1
one,3696,1,3697,1,3698,1,3699,1,3700,1,3701,1,3702,1,3703,1,3704,1,3705,1,3706,1,3707,1,3708,1
onli,3697,1,3698,1,3699,1,3700,1,3701,1,3702,1,3703,1,3704,1,3705,1,3706,1,3707,1,3708,1,3709,1
polit,3696,1,3697,2,3698,2,3699,2,3700,2,3701,2,3702,2,3703,2,3704,2,3705,2,3706,2,3707,2,3708,2,3709,1
press,3696,1,3697,1,3698,1,3699,1,3700,1,3701,1,3702,1,3703,1,3704,1,3705,1,3706,1,3707,1,3708,1
relev,3696,1,3697,1,3698,1,3699,1,3700,1,3701,1,3702,1,3703,1,3704,1,3705,1,3706,1,3707,1,3708,1
site,3697,1,3698,1,3699,1,3700,1,3701,1,3702,1,3703,1,3704,1,3705,1,3706,1,3707,1,3708,1,3709,1
th,3696,1,3697,1,3698,1,3699,1,3700,1,3701,1,3702,1,3703,1,3704,1,3705,1,3706,1,3707,1,3708,1
the,3696,1,3697,1,3698,1,3699,1,3700,1,3701,1,3702,1,3703,1,3704,1,3705,1,3706,1,3707,1,3708,1
them,3696,1,3697,1,3698,1,3699,1,3700,1,3701,1,3702,1,3703,1,3704,1,3705,1,3706,1,3707,1,3708,1
there,3697,1,3698,1,3699,1,3700,1,3701,1,3702,1,3703,1,3704,1,3705,1,3706,1,3707,1,3708,1,3709,1
to,3696,1,3697,2,3698,2,3699,2,3700,2,3701,2,3702,2,3703,2,3704,2,3705,2,3706,2,3707,2,3708,2,3709,1
todd,3696,1,3697,1,3698,1,3699,1,3700,1,3701,1,3702,1,3703,1,3704,1,3705,1,3706,1,3707,1,3708,1
understand,3697,1,3698,1,3699,1,3700,1,3701,1,3702,1,3703,1,3704,1,3705,1,3706,1,3707,1,3708,1,3709,1
wire,3696,1,3697,1,3698,1,3699,1,3700,1,3701,1,3702,1,3703,1,3704,1,3705,1,3706,1,3707,1,3708,1
