a,3772,3,3773,1,3774,1,3775,1
accord,3773,1
activist,3775,2
actual,3768,1,3769,1
adelson,3770,1
adi,3775,2
after,3770,1
ago,3774,1
ai,3774,1
al,3773,1
also,3773,1
amyotroph,3775,1
an,3773,1
analysi,3771,1
and,3770,1,3771,2,3775,3
ani,3768,2,3769,2,3774,1
are,3773,1
articl,3771,1
artifici,3774,1
as,3768,1,3769,1,3773,1
at,3768,1,3769,1,3770,1,3772,1
attorney,3775,2
attribu,3772,1
background,3771,1
barkan,3775,2
barrera,3770,1
bashma,3770,1
be,3776,1
been,3768,1,3769,1
brain,3772,1
burlew,3770,1
by,3770,1,3772,2
call,3775,1
char,3767,1,3768,1,3769,1,3770,1,3771,1,3772,1,3773,1,3774,1,3775,1
charli,3770,1
come,3774,1
comer,3768,1,3769,1
confer,3768,1,3769,1
conflict,3771,1
conserv,3772,1
contrari,3768,1,3769,1
coupl,3774,1
coverag,3771,1
crimin,3768,1,3769,1
cultur,3773,1
d,3774,1
dan,3770,1
day,3770,1
democrat,3770,1,3776,1
die,3775,1
distract,3773,1
downplay,3776,1
elena,3770,1
expert,3771,1
featur,3771,1
feel,3773,1
first,3768,1,3769,1,3772,1
for,3771,1,3775,1
foreign,3771,1
found,3773,1
fp,3771,1
from,3773,1
glanc,3772,1
global,3771,1
ha,3768,1,3769,1,3772,2,3774,1,3775,1
half,3773,1
have,3770,1,3774,1
he,3772,5
heart,3772,1
hi,3768,1,3769,1,3775,1
howard,3770,1
idea,3771,1
if,3772,2
impeachab,3768,1,3769,1
in,3771,1,3774,1,3776,1
increasingli,3773,1
insult,3773,1
intellig,3774,1
investig,3768,1,3769,1
is,3772,4,3773,1
israel-ha,3771,1
issu,3773,1
it,3774,1,3776,1
jeff,3770,1
johnson,3768,1,3769,1
lack,3768,1,3769,1
last,3774,1
later,3775,1
latest,3771,1
liber,3775,1
long,3774,1
magazin,3771,1
man,3772,1
markel,3770,1
more,3773,1
murder,3770,1
news,3771,1
no,3772,2
not,3772,2,3774,1
novemb,3776,1
of,3768,1,3769,1,3770,1,3771,2,3773,1,3774,1
offici,3768,1,3769,1
olga_lot,3772,1
on,3768,1,3769,1,3771,1,3774,2
opinion,3774,1
or,3768,2,3769,2
origin,3771,1
other,3773,1
peopl,3773,1
person,3774,1
pm,3770,1
polici,3771,1
polit,3771,1,3776,1
politician,3773,1
post,3770,1
press,3768,1,3769,1
progress,3775,1
proof,3768,1,3769,1
protect,3775,1
quickli,3774,1
quot,3772,1
race,3776,1
random,3774,1
read,3771,1
remark,3768,1,3769,1
report,3770,1
rest,3770,1
sclerosi,3775,1
seen,3768,1,3769,1,3773,1
shutterstock,3772,1
so,3774,1
so-cal,3773,1
socialist,3772,1
state,3770,1
stop,3774,1
street,3774,1
strong,3774,1
struggl,3775,1
substanc,3768,1,3769,1
survey,3773,1
tallahasse,3770,1
term,3773,1
testifi,3770,1
than,3773,1
that,3774,1,3776,1
the,3770,1,3771,3,3772,2,3773,1,3774,2,3775,1
their,3776,1
thi,3770,1,3771,1,3772,1
though,3774,1
thursday,3768,1,3769,1,3770,1
tight,3776,1
time,3772,2
to,3768,1,3769,1,3773,2,3774,1,3775,1,3776,1
unlik,3774,1
use,3773,1,3775,1,3776,1
wa,3771,1,3774,1
war,3773,1
weekli,3768,1,3769,1
which,3773,1
who,3775,1
wide,3768,1,3769,1
will,3770,1
with,3775,1
woke,3773,1
would,3774,1
year,3774,1
years-long,3775,1
you,3774,1
