a,1113,1,1114,3,1115,1,1116,1,1117,2,1118,2,1120,1,1121,2,1122,1
address,1115,1,1116,1
after,1121,1
ahead,1120,1
america,1115,1,1116,1
amid,1119,1
and,1118,1,1122,1
approv,1121,1
as,1120,1
at,1117,1
balanc,1114,2
batter,1113,1,1120,1
be,1115,1,1116,1
beach,1114,1
between,1122,1
biden,1115,1,1116,1
big,1119,1
boat,1117,1
brace,1120,1
build,1119,1
by,1119,1
can,1114,1,1122,1
canada',1118,1
canadian,1117,1,1119,1,1120,1,1121,1
career,1113,1
century-old,1122,1
char,1113,1,1114,1,1115,1,1116,1,1117,1,1118,1,1119,1,1120,1,1121,1
citi,1121,1
cobr,1119,1
commun,1114,1
compani,1119,1,1120,1
congress,1121,1
contract,1118,1,1120,1,1121,1
copper,1118,1,1119,1,1120,1
costum,1113,1
countri,1115,1,1116,1
day,1122,1
deepli,1117,1
despit,1118,1
develop,1114,1
down,1113,1,1120,1
eastern,1114,1
eco,1114,1
econom,1114,1
economi,1118,1
edt,1117,1
end,1114,1
enter,1117,1
extend,1121,1
financ,1118,1
first,1117,1,1118,1,1119,1,1120,1,1121,1
first-of-its-kind,1115,1,1116,1
for,1114,2,1118,1,1120,1
friday,1118,1,1121,1
futur,1119,1
glitter,1113,1
govern,1122,1
government',1121,1
gro,1118,1
grow,1115,1,1116,1
gulf,1122,1
he,1114,1
hemisphere',1115,1,1116,1
hope,1122,1
host,1115,1,1116,1
how,1114,1
immigr,1115,1,1116,1
in,1117,1,1119,1,1122,1
is,1114,1,1115,2,1116,2,1117,1,1120,1,1122,1
it,1117,1,1119,1,1120,1
johannesburg,1113,1
land,1114,1
largest,1120,1
line,1122,1
local,1118,1,1121,1
lower,1119,1
m,1119,1
major,1118,1
mexican,1122,1
mexico,1122,1
mine,1118,1,1119,2,1120,1
miner,1117,1,1119,1,1120,1,1121,1
minist,1118,1
model,1114,1
modifi,1121,1
monday,1119,1
month,1115,1,1116,1
more,1114,1
move,1120,1
negoti,1121,1
next,1115,1,1116,1
nov,1120,1
ocean,1122,1
oct,1117,1,1118,1
octob,1117,1
of,1114,1,1115,1,1116,1,1117,1,1118,1,1119,1,1120,1,1121,2,1122,1
on,1114,1,1117,1,1118,1,1121,1
one,1120,1,1122,1
oper,1118,1,1120,1
over,1117,1,1119,1,1121,1
pacif,1122,1
panama,1117,1,1119,1,1120,1,1121,1,1122,1
panama',1118,1,1121,1
piec,1114,1
playa,1114,1
pm,1117,1
por,1117,1
presid,1115,1,1116,1
quantum,1117,1,1118,1,1119,1,1120,1,1121,1
railway,1122,1
reiter,1118,1
repres,1114,1,1115,1,1116,1
reuter,1117,1,1118,1,1120,1,1121,1
reviv,1122,1
rival,1122,1
road,1120,1
robb,1119,1
rocki,1120,1
rout,1122,1
rundown,1113,1
said,1117,1
saturday,1117,1
seek,1114,1
set,1115,2,1116,2
share,1119,1
sharpli,1119,1
sign,1118,1
situat,1114,1
statement,1117,1
stewart,1119,1
stre,1113,1
strike,1120,1
struggl,1115,1,1116,1
subsidiari,1121,1
summit,1115,2,1116,2
support,1118,1
t,1114,1
that,1117,1,1122,1
the,1114,1,1115,2,1116,2,1117,1,1118,1,1119,2,1120,1,1121,1,1122,6
thi,1114,1
third,1114,1
to,1115,3,1116,3,1118,1,1120,2
trade,1119,1
unauthor,1117,1
uncertainti,1119,1
unit,1117,1,1118,1
venao,1114,2
version,1121,1
vision,1114,1
were,1119,1
with,1115,1,1116,1,1118,1,1121,1
world',1120,1
worri,1117,1
