a,3734,1,3735,2,3736,2,3737,1,3741,1,3742,2
aadmi,3738,1
aam,3738,1
aap,3738,1
about,3737,1,3742,1
acapulco,3741,1
actual,3734,1,3735,1,3736,1
agenc,3738,1
altern,3737,1
and,3735,1,3736,1,3737,3,3738,1,3740,1
andr,3741,1
andrew,3742,1
are,3735,1,3736,1,3737,1,3742,1
arvind,3738,1
as,3741,1
at,3737,2
be,3738,1
blog,3735,1,3736,1
but,3734,1,3735,1,3736,1
buttl,3740,1
by,3738,1,3740,1
centr,3737,1
char,3734,1,3735,1,3736,1,3737,1,3738,1,3739,1,3740,1,3741,1
charact,3739,1
cheney,3739,2
chief,3738,1
chuck,3734,1,3735,1,3736,1
citizen,3742,1
claim,3735,1,3736,1
come,3739,1
commun,3741,1
concis,3734,1,3735,1,3736,1
crime,3738,1
current,3740,1
date,3742,1
dayan,3737,1
delhi',3738,1
democraci,3740,1
director,3738,1
discuss,3740,1
do,3734,1,3735,1,3736,1
down,3740,1
dure,3741,1
eastern,3737,1
economi,3740,1
ed,3738,1
edit,3742,1
enforc,3738,1
expert,3737,1
feder,3740,1
fellow,3737,1,3742,1
few,3734,1,3735,1,3736,1
financi,3738,1
for,3737,1
former,3739,1
govern,3738,1
gu,3741,1
ha,3742,1
had,3740,1
hama,3737,1
hello,3742,1
here,3742,1
hi,3740,1,3741,1
horror,3742,1
host,3734,1,3735,1,3736,1
hous,3739,1
i,3739,1,3740,1
in,3741,1
india',3738,1
internet,3742,1
invest,3740,1
investigati,3738,1
is,3734,1,3735,1,3736,1,3738,2,3739,1,3741,1
isra,3737,1
jay,3740,1
johnson,3739,1
kejriw,3738,1
kilometro,3741,1
knew,3739,1
lead,3737,1
leader,3738,1
litvak,3737,1
liz,3739,1
look,3741,1
lopez,3741,1
lot,3735,1,3736,1
manuel,3741,1
manufactur,3740,1
measur,3739,1
meet,3734,1,3735,1,3736,1
meir,3737,1
mexican,3741,1
middl,3737,1
mike,3739,2
minist,3738,1
mud,3741,1
nation,3739,1
near,3741,1
news,3735,1,3736,1
obrador,3741,1
of,3734,2,3735,3,3736,3,3738,1,3739,1,3740,1,3741,1,3742,2
on,3737,1,3739,1,3740,1
one,3734,1,3735,1,3736,1
onli,3734,1,3735,1,3736,1
opportun,3740,1
our,3742,1
out,3741,1
parti,3738,1
polit,3734,2,3735,2,3736,2,3737,1
politi,3739,1
predict,3739,1
presid,3741,1
press,3734,1,3735,1,3736,1
princip,3737,1
prioriti,3737,1
professor,3737,1
question,3738,1
r,3740,1
r-la,3739,1
r-wyo,3739,1
recent,3740,2
relev,3734,1,3735,1,3736,1
rep,3739,1
research,3737,1
rhett,3740,1
s,3742,1
said,3739,1
see,3739,1
set,3738,1
share,3742,1
sit,3740,1
site,3735,1,3736,1
somebodi,3739,1
speaker,3739,1
state,3740,1
stori,3742,2
strategi,3737,1
stuck,3741,1
studi,3737,1
th,3734,1,3735,1,3736,1
that,3739,1,3742,1
the,3734,1,3735,1,3736,1,3737,1,3738,2,3739,2,3740,3,3741,3,3742,1
them,3734,1,3735,1,3736,1
there,3735,1,3736,1
thi,3739,1
thought,3740,1
tinder,3742,1
to,3734,2,3735,2,3736,2,3738,1,3739,1,3740,2,3741,1,3742,1
today,3742,2
todd,3734,1,3735,1,3736,1
top,3742,1
topshot,3741,1
transport,3741,1
understand,3734,1,3735,1,3736,1
vehicl,3741,1
visit,3741,1
web_crawlr,3742,1
week,3739,1
welcom,3742,1
well,3739,1
will,3739,1
window,3741,1
wire,3734,1,3735,1,3736,1
with,3740,1
woman,3742,1
