a,4997,2,4998,1,4999,2
agenc,4998,1
amid,4997,1,4999,1
and,4997,1,4999,1
antonio,4996,1
as,4996,1
cancer,4995,1
char,4995,1,4996,1,4997,1,4998,1,4999,1
climat,4996,1
company',4998,1
consecut,4997,1,4999,1
contract,4997,1,4999,1
countri,4996,1
credit,4998,1
danish,4998,1
debt,4998,1
declin,4997,1,4999,1
despit,4996,1
develop,4996,1
downgrad,4998,1
due,4998,1
energi,4998,1
euro,4997,1,4999,1
feder,4995,1
feroci,4996,1
firm,4998,1
for,4996,1,4997,1,4998,1,4999,1
fund,4996,1
gute,4996,1
had,4998,1
impact,4996,1
in,4996,2,4997,3,4999,3
increas,4995,1
increasingli,4996,1
intern,4996,1
it,4998,1
italy',4997,1,4999,1
loss,4998,1
manufactur,4997,1,4999,1
massiv,4998,1
month,4997,1,4999,1
nation,4996,1
new,4997,1,4999,1
nov,4998,1
octob,4997,1,4999,1
offici,4995,1
on,4997,1,4998,2,4999,1
order,4997,1,4999,1
orst,4998,1
oslo,4998,1
output,4997,1,4999,1
p,4998,1
pari,4996,1
persist,4997,1,4999,1
place,4998,1
possibl,4998,1
rate,4998,1
renew,4998,1
resili,4996,1
reuter,4997,1,4998,1,4999,1
review,4998,1
risk,4995,1
rome,4997,1,4999,1
s,4998,1
sa,4995,1
said,4996,1,4998,1
secretary-gener,4996,1
sector,4997,1,4999,1
seventh,4997,1,4999,1
show,4997,1,4999,1
slump,4996,1
survey,4997,1,4999,1
the,4996,1,4997,1,4998,1,4999,1
thursday,4996,1,4997,1,4998,1,4999,1
to,4998,1
unit,4996,1
zone',4997,1,4999,1
