:d,2543,1
a,2538,1,2541,2,2543,3,2545,1,2546,1
accord,2545,1
after,2542,1
and,2539,1,2541,1,2542,1,2543,1
announc,2539,1,2546,1
area,2538,1
articl,2544,1,2547,1
as,2538,1,2540,1,2541,2,2542,1,2543,2,2544,1,2547,1
associ,2539,1
associa,2539,1
at,2541,1,2542,1,2543,1
aviv,2542,1
bank,2542,1,2545,1
be,2544,1,2546,1,2547,1
been,2548,1
bet,2544,1,2547,1
billion,2545,2
board,2540,2
by,2540,1
c,2539,1,2543,3
chairman,2540,1
chang,2543,1
char,2538,1,2539,1,2540,1,2541,1,2542,1,2543,1,2544,1,2545,1,2546,1,2547,1
chase,2545,1
close,2542,2
co,2545,1
compani,2541,1,2543,1,2546,1
contract,2540,1
corp,2543,1
could,2544,1,2547,1
d,2539,1
decid,2540,1
dividend,2546,1
done,2544,1,2547,1
dow,2544,1,2547,1
dunde,2543,1
econom,2539,1
ed,2538,1
ediston,2546,1
epic,2546,1
estat,2542,1
extend,2540,1
feder,2544,1,2547,1
fell,2544,1,2547,1
financi,2542,1
for,2544,1,2547,1
forecast,2539,1
free,2541,1,2543,1,2546,1,2548,1
from,2545,1
gain,2542,1,2544,1,2547,1
gbx,2541,2
get,2541,1,2543,1,2546,1,2548,1
globe,2539,1
group,2545,1
gta,2538,1
ha,2548,1
hand,2543,1
hereinaft,2540,1
higher,2542,2
homement,2544,1,2547,1
in,2538,1,2542,2,2544,1,2545,3,2547,1
inc,2548,1
incom,2541,1,2545,1
increas,2545,1
industri,2544,1,2547,1
invest,2546,1
investing.com,2542,1
investor,2544,1,2547,1
israel,2542,1
it,2539,1,2545,1
jone,2544,1,2547,1
jpm,2545,1
jpmorgan,2545,1
kalm,2540,2
last,2541,1,2543,1
lead,2545,1
led,2542,1
lon,2541,1,2546,1
low,2541,2,2543,2
manag,2540,1
nasdaq,2548,1
nation,2539,2
net,2545,1
new,2541,1,2543,1
news,2539,1,2544,1,2547,1
newswir,2539,1
next,2540,1
notabl,2545,1
nov,2539,1
novemb,2546,2
nyse,2545,1
octob,2538,1
of,2539,1,2540,4,2541,1,2543,1,2545,1,2546,1
offic,2540,1
on,2541,1,2542,1,2543,1,2546,2
one,2545,1
plc,2546,1
port,2540,1
properti,2546,1
quarterli,2539,1
rais,2544,1,2547,1
rate,2544,1,2547,1
reach,2541,1,2543,1
real,2542,1
realtor,2539,1
recen,2545,1
record,2546,1
releas,2539,1
report,2541,1,2543,1,2545,1,2546,2,2548,1
reserv,2544,1,2547,1
resi,2541,1
residenti,2541,1
result,2538,1
rose,2542,1
sadam,2540,1
sale,2538,1
schedul,2539,1
sector,2542,1
secur,2541,1
share,2541,1,2542,1,2543,2
sharehold,2546,1
smartfinanci,2548,1
smbk,2548,1
statist,2539,1
stock,2542,1,2544,1,2547,1
supervisori,2540,1
t,2542,1
ta,2542,1
tallinn,2540,1
tallinna,2540,1
tel,2542,1
term,2540,1
th,2543,1
the,2539,1,2540,4,2541,1,2542,4,2543,1,2544,2,2545,1,2547,2
thi,2544,1,2547,1
three,2540,1
thursday,2542,1,2544,1,2546,1,2547,1
to,2540,1,2545,2
today,2539,1
trade,2541,2,2543,2
treasuri,2544,1,2547,1
tse,2543,1
tuesday,2541,1,2543,1
upcoming.co.uk,2546,1
valdo,2540,2
vault,2544,1,2547,1
volum,2541,1,2543,1
washington,2539,1
wednesday,2546,1
week,2541,1,2543,1
were,2542,1
will,2546,1
with,2541,1,2543,1,2544,1,2547,1
world',2545,1
year,2540,1
yield,2544,1,2547,1
