a,1623,1,1626,1,1627,1,1628,1,1629,3,1630,2,1631,1
access,1626,1
achiev,1624,1
activ,1630,1
advanc,1625,1
agreement,1624,1,1626,1,1627,1,1628,1
air,1624,1
ambiti,1625,1
an,1630,1,1631,1
and,1627,1,1628,1,1629,1,1630,1,1631,1
ap,1629,1
appear,1625,1
are,1624,1
as,1631,1
associ,1626,1
at,1625,1,1632,1
been,1625,1
billion,1627,1,1628,1
breathabl,1630,1
brunnstrom,1628,1
but,1630,1
by,1628,1
call,1631,1
case,1629,1
challeng,1630,1
char,1623,1,1624,1,1625,1,1626,1,1627,1,1628,1,1629,1,1630,1,1631,1
chiang,1629,1
chief,1627,1
china,1626,1
climat,1631,1
co-chair,1631,1
compact,1626,1
complic,1629,1
conclus,1625,1
congress,1625,1,1632,1
conserv,1631,1
contribut,1624,1
cooler,1630,1
countri,1624,1,1629,1
david,1628,1
deal,1627,1,1628,1
defin,1629,1
delhi,1624,1
deliv,1631,1
deni,1626,1
done,1630,1
drill,1629,1
dure,1629,1
edit,1625,1
end,1632,1
endeavor,1630,1
energi,1625,1
expect,1627,1,1628,1
extens,1627,1,1628,1
final,1627,1,1628,1
flag,1629,1
for,1623,1,1630,1,1632,1
free,1626,1
fund,1632,1
give,1626,1
goal,1624,1
govern,1632,1
ha,1627,1,1628,1,1631,1
hand,1630,1
have,1625,1
hike,1630,1
hold,1629,1
i,1626,1
in,1624,1,1630,1
includ,1626,1
integr,1624,1
intern,1631,1
into,1624,1
is,1626,1,1629,2
island,1626,1,1627,1,1628,1
isn,1629,1
it,1627,1,1628,1,1631,1,1632,1
it',1630,2
kant,1623,1
le,1631,1
lead,1624,1
littl,1625,1
live,1631,1
lot,1629,1
low-and-middle-incom,1624,1
made,1625,1
maker,1630,1
mani,1629,1
marshal,1627,1,1628,1
militari,1629,1
moisture-wick,1630,1
monday,1627,1,1631,1
more,1629,1,1631,1
nation,1624,1,1626,2,1629,1
nationally-determin,1624,1
ndc,1624,1
need,1630,1
negoti,1626,1,1627,1
net,1625,1
new,1624,1
norway,1631,1
ocean,1631,1
oct,1624,1
of,1625,2,1626,3,1631,1,1632,1
often,1630,1
on,1625,1,1627,2,1628,1,1630,2,1631,3
one,1626,1,1630,1
organ,1631,1
other,1626,1,1630,1
pacif,1626,1
palau,1626,1
panel,1631,1
pari,1624,1
pass,1632,1
path,1625,1
peopl,1629,1
petroleum,1625,1
photo,1629,1
plan,1624,1
pledg,1623,1
present,1630,1
progress,1625,1
qualiti,1624,1
realiz,1629,1
remot,1623,1
republ,1626,1
respons,1631,1
reuter,1628,1
right,1626,1
s,1627,1,1632,1
septemb,1632,1
sign,1627,1,1628,1
sock,1630,2
soldier,1629,1
state,1627,1,1628,1
strateg,1627,1,1628,1
sustain,1631,1
t,1629,1
taiwan',1629,1
take,1629,1
temporari,1632,1
than,1629,1,1631,1
that,1626,1
that',1630,1
the,1624,1,1625,5,1626,2,1627,3,1628,3,1629,1,1630,1,1631,1,1632,2
their,1624,1
three,1626,1
thu,1630,1
tie,1627,1,1628,1
titl,1625,1
to,1624,1,1625,2,1626,2,1627,2,1628,2,1631,2
transit,1625,1
u,1627,1,1632,1
uniqu,1630,1
unit,1627,1,1628,1
up,1631,1
wa,1625,1
washington,1626,1,1627,1,1628,1,1632,1
weather,1630,1
wharf,1623,1
what,1629,1
when,1632,1
which,1625,1
with,1627,1,1628,1
world,1625,1
would,1626,1,1629,1
year,1627,1,1628,1
ying-i,1629,1
you,1630,1
zero,1625,1
