a,2689,1,2690,1
accord,2681,1,2683,1,2684,1,2685,1,2688,1
ad,2682,1
advisori,2683,1
alpha,2680,2
amazon,2682,2
amp,2685,1
an,2680,1
analyst,2687,1,2689,1
announc,2680,1
ar,2684,1
are,2690,1
at,2682,1,2689,1,2690,1
bancorp,2685,1
bancshar,2684,1
bank,2685,1,2688,1
bezo,2682,1
blair,2689,1
bmrc,2685,1
bri,2687,1
by,2681,1,2683,1,2684,1,2685,1,2687,1,2688,1
capit,2684,1
char,2680,1,2681,1,2682,1,2683,1,2684,1,2685,1,2686,1,2687,1,2688,1,2689,1
choreo,2685,1
close,2680,1
cloud-bas,2680,1
colb,2688,1
columbia,2688,1
commiss,2682,1
compani,2680,1,2681,1,2683,1,2684,1,2685,1,2686,1,2687,1,2688,1
compar,2686,1
consensu,2686,1,2687,1
conway,2684,1
corp,2683,1
counsel,2681,1
critic,2690,1
cushman,2689,2
cwk,2689,1
decreas,2683,1,2685,1,2689,1
defect,2682,1
direct,2682,1
dure,2684,1,2688,1
earn,2686,1,2687,1,2689,1
ep,2686,2,2687,1,2689,1
establish,2680,1
estim,2686,1,2687,1,2689,1
feder,2682,1
file,2681,1,2683,1,2685,1
financi,2683,1
flood,2682,1
for,2686,1,2687,1,2689,1
form,2684,1,2685,1
founder,2682,1
free,2681,1,2683,1,2684,1,2685,1,2686,1,2687,1,2688,1,2689,1
get,2686,1,2687,1
global,2690,1
good,2682,1
grew,2681,1
group,2680,1
guidanc,2686,2
hbk,2683,1
higher-pr,2682,1
hodg,2684,1
hold,2684,1,2685,1,2688,1
homb,2684,1
home,2684,1
hong,2680,1
in,2680,1,2681,3,2683,3,2684,2,2685,3,2688,2,2689,1
inc,2681,1,2684,2,2688,1
inv,2689,1
invest,2681,1,2688,1
irrelev,2682,1
issu,2687,1,2689,1
it,2680,1,2681,2,2682,1,2683,2,2684,2,2685,2,2686,1,2687,1,2688,2
jeff,2682,1
kong,2680,1
labor,2690,1
lift,2684,1
limit,2680,1
llc,2683,1,2685,1,2688,1
lllp,2681,1
manag,2684,1,2688,1
marin,2685,1
market,2690,1
miss,2687,1
most,2681,1,2683,1,2684,1,2685,1,2688,1
nasdaq,2685,1,2686,1,2688,1
note,2689,1
nyse,2681,1,2683,1,2684,1,2687,1,2689,1
o,2680,1
obermey,2681,1
of,2681,1,2682,1,2685,1,2686,2,2687,1,2688,1
on,2686,1,2687,1
or,2680,1
per,2689,1
period,2686,1
plc,2689,1
point,2690,1
profit,2682,1
properti,2681,1
provid,2680,1,2686,1
pump,2682,1
pzena,2688,1
quarter,2681,1,2683,1,2684,1,2685,1,2687,1,2688,1
quarterli,2687,1
rais,2688,1
rece,2688,1
recent,2681,1,2683,1,2684,1,2685,1
report,2681,1,2683,1,2684,1,2685,1,2686,1,2687,2,2688,1,2689,1
result,2682,1,2687,1
s,2686,1
safe,2687,1
safehold,2687,1
search,2682,1
second,2681,1,2688,1
secur,2683,1,2685,1
servic,2680,1
share,2681,1,2688,1,2689,1
shopper,2682,1
snv,2683,1
solut,2680,1
sorc,2683,1
stake,2681,1,2683,1
steer,2682,1
stock,2689,1
synovu,2683,1
system,2688,1
technolog,2680,1
the,2680,2,2681,2,2682,2,2683,3,2684,2,2685,3,2686,3,2687,2,2688,2
their,2689,1
thursday,2686,1
to,2681,1,2682,1,2683,1,2684,1,2685,1,2686,1,2688,1,2689,1
today,2680,1
trade,2682,1
tuesday,2687,1
turn,2690,1
updat,2686,1
vici,2681,2
wakefield,2689,2
wen,2686,1
wendi,2686,1
while,2682,1
william,2689,1
wit,2681,1
with,2682,1,2683,1,2685,1,2690,1
wood,2681,1
