a,3072,1,3074,1,3076,1
accord,3076,1,3080,1
adop,3072,1
adult,3074,1
affili,3077,1,3078,1,3079,1
after,3074,1
al-balah,3080,1
an,3077,1,3078,1,3079,1
and,3072,2,3074,1,3075,2,3077,2,3078,2,3079,2,3080,1,3081,1
ap,3080,1
appear,3072,1,3077,1,3078,1,3079,1
as,3077,1,3078,1,3079,1
at,3071,1
automak,3072,1
be,3072,2
bediako,3075,1
been,3072,1
benefit,3075,1
between,3072,1,3080,1
bn,3071,1
by,3076,2
can,3076,1
car,3074,1
char,3071,1,3072,1,3074,1,3075,1,3076,1,3077,1,3078,1,3079,1,3080,1
chasm,3072,1
chew,3072,1
children,3080,1
colorado,3076,1
commod,3075,1
compani,3071,1,3076,1
compens,3077,2,3078,2,3079,2
consum,3076,1
cost,3076,1
could,3072,1
creditcards.com,3077,1,3078,1,3079,1
crisscross,3075,1
danvil,3074,1
day,3080,1
deir,3080,1
discard,3075,1
divin,3073,1
downstat,3074,1
dr,3075,1
drug,3074,1
earli,3072,1
emiss,3076,1
environment,3075,1
eu,3075,1
evshigh,3072,1
extract,3075,1
first,3080,1
foll,3071,1
for,3072,1,3075,1,3077,1,3078,1,3079,1,3081,1
from,3075,1
ga,3076,1
gaza,3080,2
geopolit,3075,1
globe,3075,1
gold,3075,1
good,3075,1
govern,3076,1
greenhous,3076,1
ha,3071,1,3072,1,3075,2
hama,3080,1
hamas-run,3080,1
he,3075,1
health,3080,1
heller,3073,1
hi,3074,2,3075,1
hit,3080,1
how,3077,1,3078,1,3079,1
hug,3074,1
human,3073,1
impact,3077,1,3078,1,3079,1
in,3072,1,3074,2,3080,1
incarcer,3074,1
increas,3076,1
industri,3072,1,3075,1
into,3072,1
is,3073,1,3077,1,3078,1,3079,1
israel,3080,1
it,3071,1,3072,1
iter,3073,1
john,3075,1
kill,3080,1
last,3081,1
later,3074,1
life,3074,1,3075,1
lightfoot,3074,1
link,3077,1,3078,1,3079,1
lost,3072,1
low,3072,1
may,3077,1,3078,1,3079,1
michael,3074,1
ministri,3080,1
model,3076,1
more,3080,1
much,3074,1
network,3077,1,3078,1,3079,1
new,3076,2
niec,3074,1
novemb,3081,1
now,3081,1
of,3072,1,3074,3,3077,1,3078,1,3079,1,3080,1
on,3077,1,3078,1,3079,1
onc,3071,1
or,3076,1
other,3075,1
out,3072,1,3074,1
palestinian,3080,1
part,3077,1,3078,1,3079,1
partner,3077,1,3078,1,3079,1
polici,3076,1
power,3076,1
prison,3074,1
program,3076,1
r,3076,1
receiv,3077,1,3078,1,3079,1
recurs,3073,1
reduc,3076,1
ride,3072,1
robert,3073,1
s,3076,1,3080,1
sale,3077,1,3078,1,3079,1
seen,3071,1
send,3077,1,3078,1,3079,1
share,3071,1
silver,3075,1
site,3077,2,3078,2,3079,2
spent,3074,1
spit,3072,1
strip,3080,1
such,3077,1,3078,1,3079,1
than,3080,1
that,3072,1,3076,1
the,3072,2,3074,2,3075,2,3080,2,3081,2
their,3076,1
then,3074,1,3081,1
they,3080,1
thi,3072,1,3077,3,3078,3,3079,3
to,3072,1,3073,2,3076,2,3077,1,3078,1,3079,1,3080,1
took,3074,1
traffic,3077,1,3078,1,3079,1
trailer,3081,1
tree,3074,1
tumbl,3071,1
uncertainti,3072,1
up,3072,1
valu,3071,1
view,3074,1
walk,3074,1
war,3080,1
watch,3081,1
were,3080,2
what,3072,1
where,3077,1,3078,1,3079,1
whole,3075,1
wild,3072,1
without,3076,1
would,3076,1
year,3072,2
year-old,3074,1
