a,3962,1,3963,1,3964,1,3970,1,3971,1
advertis,3964,1
agenda,3964,1
al,3970,1
am,3962,1,3963,1,3965,1,3966,1,3968,1,3969,1
and,3963,1,3965,1
argentina,3964,1
assembl,3971,1
baltic,3963,1
be,3962,1,3966,1
becam,3965,1
believ,3966,1
biden,3966,1,3968,1,3969,1
biggest,3965,1
bogu,3966,1
bombshel,3968,1
bomi,3972,1
break,3968,1
by,3962,1,3963,1,3965,1,3966,1,3967,1,3968,2,3969,1,3970,2
cabl,3963,1
candid,3964,1
cargo,3963,1
case,3962,1
char,3962,1,3963,1,3964,1,3965,1,3966,1,3967,1,3968,1,3969,1,3970,1,3971,1
chicagoconserv,3969,1
chief,3967,1
chines,3963,1,3968,1
city',3967,1
comer,3968,1
comment,3963,1,3965,1,3966,1,3967,1,3968,1,3969,1,3970,1
congressnew,3965,1
controversi,3964,1
convict,3966,1
counti,3972,1
crisi,3971,1
current,3964,1
dana,3965,1
desanti,3966,1
drop,3968,1
earlier,3971,1
edwin,3972,1
elect,3966,1
emerg,3964,1
equiti,3967,1
et,3970,1
exclud,3966,1
face,3964,1
far-right,3964,1
financ,3964,1
first,3967,1
florida,3967,1
from,3966,1,3969,1
gan,3969,1
gateway,3966,1
geor,3967,1
georg,3965,1
gop,3970,1
group,3970,1
ha,3964,1
hater,3965,1
hill,3969,1,3970,1
hold,3970,1
hous,3971,1
how,3965,1
if,3966,1
in,3962,1,3963,1,3964,1,3965,1,3966,1,3969,1,3971,4
indep,3969,1
indict,3966,1
infox,3967,1
is,3971,2
jare,3969,1
javier,3964,1
jew,3965,1
job,3967,1
joshua,3965,1
jr,3969,1
kennedi,3965,1
landscap,3964,1
launch,3970,1
launder,3968,1
less,3967,1
libertarian,3964,1
m,3972,1
mark,3968,1
massa,3964,1
merced,3963,1
milei,3964,1
miller,3965,1
minist,3964,1
money,3968,1
month,3967,1
more,3969,1
msnbc,3966,1
new,3967,1
nigerian,3971,1
nightmar,3971,1
nov,3965,1
novemb,3968,1
octob,3963,1,3967,1
of,3963,1,3970,1,3971,2
offens,3970,1
offic,3967,1
on,3962,1,3963,1,3964,1,3965,1,3966,2,3967,1,3968,1,3969,1,3970,1
ongo,3966,1
overcom,3970,1
page,3963,1
pdt,3962,1,3963,1,3965,1,3966,1,3967,1,3968,1,3969,1,3970,1
peronist,3964,1
pm,3967,1,3970,2
polit,3964,1,3968,1,3971,2
pollth,3969,1
post,3962,1,3963,1,3965,2,3966,1,3967,1,3968,1,3969,1,3970,1
pull,3969,1
pundit,3966,1
quit,3967,1
r,3968,1
race,3969,1
randfan,3970,1
rashida,3965,1
raze,3971,1
regim,3966,1
rfk,3969,1
rhett,3965,1
river,3971,1
ron,3966,1
russia,3963,1
s,3964,1
sabotag,3963,1
sahakian,3967,1
salari,3967,1
say,3972,1
scenario,3971,1
seath,3963,1
seekandfind,3962,1
sena,3970,1
senat,3970,1,3972,1
ship,3963,1
should,3966,1
skip,3963,1,3965,1,3966,1,3967,1,3968,1,3969,1,3970,1
snow,3972,1
state,3971,3
steffen,3968,1
strategist,3963,1
subsea,3963,1
susp,3971,1
teni,3967,1
than,3967,1,3969,1
that,3964,1
the,3963,2,3964,1,3965,1,3970,1,3971,5
thorn,3962,1
three-way,3969,1
timb,3963,1
tlaib,3965,1
to,3963,1,3965,1,3966,1,3967,1,3968,1,3969,1,3970,2,3971,1
trailtrend,3968,1
trump,3966,1,3969,1
tuberville',3970,1
uncov,3968,1
unfortun,3971,1
up,3971,1
vote,3969,1
wa,3971,1
we'v,3962,1
weaver,3970,1
week,3971,1
what,3971,1
will,3964,1
with,3964,1
woke,3971,1
york,3965,1
