a,2402,1,2405,3,2406,1
accord,2401,1,2403,1,2408,1
adob,2404,1
advisor,2408,1
all,2409,1
altern,2409,1
american,2408,1
amt,2408,1
analyst,2402,1,2407,1
and,2404,1,2406,2,2409,1
anderson,2408,1
apollon,2403,1
are,2409,1
avail,2409,1
b,2402,2
base,2404,1
be,2404,1
believ,2409,1
better,2409,1
blockchain,2404,1
boost,2402,1
by,2403,1,2408,1
can,2406,1
capit,2402,2,2408,1
char,2401,1,2402,1,2403,1,2404,1,2405,1,2406,1,2407,1,2408,1,2409,1
co,2408,1
code,2406,2
commerci,2405,1
compani,2401,1,2405,1,2408,1
company',2409,1
conta,2406,1
copi,2406,1
corp,2402,1
council,2406,1
custom,2404,1
cut,2408,1
deal,2409,1
decentr,2404,1
differenti,2405,1
doe,2409,1
earn,2402,1,2407,2
engag,2404,1
entry-level,2410,1
estat,2405,1,2407,1,2409,1
estim,2402,1
fanni,2405,1
file,2401,1,2403,1,2408,1
financ,2405,1
firm,2409,1
for,2402,1,2405,1,2407,1,2409,1
form,2403,1
forward,2409,1
free,2402,1,2403,1,2407,1,2408,1
get,2407,1
globe,2405,1
greyston,2405,1
ha,2405,1
hampshir,2410,1
har,2404,1
here,2410,1
ho,2402,1
hold,2408,1
hous,2410,1
how,2404,1
in,2401,1,2402,1,2403,2,2408,3,2410,2
inc,2403,1
industri,2407,1
interact,2404,1
internet,2404,1
invest,2407,1
ireland,2406,1
is,2404,1,2409,1,2410,1
issu,2402,1,2407,1
it,2401,1,2403,2,2404,1,2407,1,2408,2
journal,2406,1
kayn,2408,1
ladder,2402,2
ladr,2402,1
lake,2410,1
lead,2405,1
llc,2403,1
loan,2405,1
lower,2403,1
loyalti,2404,1
lp,2408,1
lxp,2407,2
m,2402,1
mae,2405,1
manag,2403,1
maxim,2409,1
million,2405,1
miss,2407,1
monday,2402,1
monet,2409,1
more,2404,1
most,2401,1,2403,1,2408,1
nation,2405,1
new,2405,1,2410,1
newswir,2405,1
not,2409,1
note,2402,1
nov,2405,1
nyse,2402,1,2403,1,2407,1,2408,1
obtain,2406,1
oct,2410,1
octob,2402,1
of,2406,5,2410,2
offic,2406,1
ombudsman,2406,1
on,2402,1,2404,1,2407,1
oper,2406,1
or,2406,1
our,2406,1
outlook,2410,1
path,2409,1
per,2402,1,2407,1
perform,2405,1
posit,2403,1
practic,2406,1
press,2406,2
promis,2404,1
properti,2403,1
provid,2405,1
quarter,2401,1,2403,1,2407,1,2408,1
quarterli,2407,1
real,2405,1,2407,1,2409,1
real-est,2410,1
recent,2401,1,2403,1,2408,1
reflect,2410,1
region,2410,1
report,2402,1,2403,1,2407,2,2408,1
research,2402,1
result,2407,1,2410,1
return,2410,1
review,2410,1
revolution,2404,1
right,2409,1
riley,2402,2
say,2409,1
second,2401,1,2403,1
secu,2403,1
secur,2404,1,2408,1
share,2402,1,2407,1
sharehold,2409,1
staff,2406,1
starwood,2403,1
stock,2404,1
stwd,2403,1
support,2406,1
taxachusett,2410,1
technolog,2404,1
the,2401,1,2403,2,2404,1,2406,7,2407,2,2408,3,2409,4,2410,3
their,2402,1
there,2409,1
to,2401,1,2403,1,2404,1,2408,1,2409,1
tower,2408,1
trust,2403,1,2407,2
tuesday,2407,1
unit,2405,1
valu,2409,1,2410,1
we,2404,1,2409,1
wealth,2403,1
web,2404,1
which,2409,1
wit,2401,1
with,2403,1,2404,2,2408,1
within,2406,1
work,2406,1
york,2405,1
you,2406,1
