a,2341,1,2344,1,2349,2
accord,2343,1,2345,1,2346,1,2347,1,2348,1
adopt,2344,1
after,2349,1
ahead,2342,1
and,2342,1,2349,1
announc,2341,1
are,2349,1
as,2344,1
asset,2344,1,2348,1
associ,2349,1
been,2344,1
blockchain,2344,1
boost,2345,1,2347,1
bread,2342,1
broker,2349,1
by,2343,1,2345,1,2346,1,2347,1,2348,1
capit,2347,1,2348,1
carnegi,2348,1
case,2344,1
chain,2342,1
char,2340,1,2341,1,2342,1,2343,1,2344,1,2345,1,2346,1,2347,1,2348,1,2349,1
charl,2342,1
class-act,2349,1
cointelegraph,2344,1
commiss,2349,1
compani,2341,1,2342,1,2343,1,2347,1,2348,1
continu,2341,1
corp,2345,1,2346,1
corpor,2342,1
could,2344,1
crosshair,2349,1
cut,2342,2,2348,1
dalla,2341,1
disc,2348,1
disclosur,2346,1
dow,2350,1
drive,2344,1
dure,2343,1,2345,1,2346,1
elisha,2344,1
employe,2342,1
episod,2344,1
estat,2341,1,2343,1,2345,1,2346,1,2347,1,2348,1,2349,1,2350,1
etf,2343,1,2345,1,2346,1,2347,1,2348,1,2350,1
evercor,2343,1
ex-u,2345,1
feder,2349,1
file,2345,1,2347,1
financ,2341,1
financi,2342,1
form,2343,1,2345,1,2347,1
free,2343,1,2345,1,2346,1,2347,1,2348,1,2350,1
giant,2342,1
global,2345,1
ha,2344,1
hash,2344,1
hold,2350,1
home,2349,1
host,2344,1
in,2343,2,2344,1,2345,1,2346,1,2347,3,2348,3,2349,2,2350,1
inc,2341,1
ini,2342,1
intern,2350,1
it,2342,1,2343,2,2344,1,2345,2,2346,2,2347,2,2348,2,2350,1
jone,2350,1
juri,2349,1
launch,2341,1
lawsuit,2349,1
lessen,2343,1,2350,1
lift,2346,1
lincoln,2345,1,2346,1
llc,2343,1,2347,1,2348,1
lp,2350,1
major,2344,1
manag,2343,1,2348,1,2350,1
mission,2350,1
more,2342,1
most,2343,1,2345,1,2346,1,2347,1,2348,1
nasdaq,2345,1
nation,2345,1,2346,1,2349,1
nexpoint,2341,1
nov,2341,1
nref,2341,2
nyse,2341,1
nysearca,2343,1,2346,1,2347,1,2348,1,2350,1
of,2341,3,2342,1,2343,1,2344,3,2345,1,2346,1,2347,1,2348,1,2349,1,2350,1
offer,2341,1
on,2349,1
or,2341,1
out,2344,1
p,2340,1
panera,2342,1
parent,2342,1
plan,2342,1
podcast,2344,1
posit,2342,1
prnewswir,2341,1
public,2341,1
quarter,2343,1,2345,1,2346,1,2347,1,2348,1
real,2341,1,2343,1,2345,1,2346,1,2347,1,2348,1,2349,1,2350,1
real-world,2344,1
realtor,2349,1
recent,2343,1,2345,1,2346,1,2347,1,2348,1
report,2343,1,2345,1,2346,1,2347,1,2348,1
reportedli,2342,1
residentia,2349,1
rule,2349,1
rwx,2350,1
s,2345,1
sandwich,2342,1
savant,2347,1
schwab,2342,1
second,2346,1,2348,1
securiti,2346,1
seller,2349,1
servic,2342,1
share,2341,1,2343,1,2345,1,2346,1,2347,1,2348,1,2350,1
side,2349,1
soup,2342,1
spdr,2350,1
stake,2343,1,2345,1,2346,1,2347,1,2348,1
technolog,2344,1
th,2347,1
than,2342,1
that,2344,1,2349,1
the,2341,2,2343,2,2344,1,2345,1,2346,2,2347,2,2348,2,2349,2
tip,2344,1
to,2341,1,2342,1,2343,1,2345,1,2346,1,2347,1,2348,1
today,2341,1
token,2344,1
tuesday,2349,1
up,2341,1
use,2344,1
vanguard,2343,1,2345,1,2346,1,2347,1,2348,1
vnq,2343,1,2346,1,2347,1,2348,1
vnqi,2345,1
w,2345,1
wealth,2343,1,2350,1
web,2344,1
while,2342,1
will,2342,1
with,2346,1,2347,1,2349,1
