a,4952,1,4953,1
abl,4952,1
abort,4953,1
absorb,4947,1
acquisit,4954,1
activity-caus,4947,1
agreement,4952,1
ai,4952,1
almost,4947,1
amount,4947,1
analyz,4955,1
and,4954,2,4955,1
announc,4946,1,4949,1,4950,1,4951,1
antarctica,4947,1
are,4954,1
as,4948,2
ban,4953,1
be,4952,1
befor,4952,1
black,4955,1
bletchley,4952,1
british,4952,1
but,4955,1
by,4947,1,4954,1
ca,4956,1
call,4953,1
caucusgo,4953,1
cbrain,4945,2,4946,3,4948,2,4949,3,4950,3,4951,3
char,4945,1,4946,1,4947,1,4948,1,4949,1,4950,1,4951,1,4952,1,4953,1,4954,1,4955,1
chevron,4954,1
chuck,4954,1
comment,4953,1
compani,4946,1,4949,1,4950,1,4951,1,4952,1
consum,4955,1
copenhagen,4946,1,4949,1,4950,1,4951,1
critic,4953,1
de,4954,1
decad,4947,1
delhi,4947,1
democrat,4954,1
denmark,4948,1
develop,4948,1
disagre,4953,1
do,4955,1
dure,4948,1,4953,1
eight,4952,1
embark,4945,1,4946,1,4948,1,4949,1,4950,1,4951,1
england,4952,1
environment,4955,1
equal,4947,1
evolut,4955,1
exxonmobil,4954,1
feder,4954,1
first,4945,1,4946,1,4948,1,4949,1,4950,1,4951,1
florida,4953,1
flowcod,4955,1
giant,4954,1
globe,4956,1
go,4953,1
gop,4953,1
govern,4952,1
growth,4946,1,4948,1,4949,1,4950,1,4951,1
ha,4945,1,4946,1,4948,1,4949,1,4950,1,4951,1
half,4945,1,4946,1,4948,1,4949,1,4950,1,4951,1,4953,1
heat,4947,1
hi,4953,1
highest,4947,1
human,4947,1
in,4948,2,4953,1
industri,4955,1
intern,4948,1
interview,4953,1
investig,4954,1
is,4946,1,4949,1,4950,1,4951,1
lead,4952,1
leader,4954,1
like,4953,1
like-mind,4952,1
line,4948,1
major,4954,1
meet,4953,1
minist,4952,1
model,4952,1
multibillion-dollar,4954,1
nasdaq,4945,1,4946,1,4948,1,4949,1,4950,1,4951,1
new,4947,1,4952,1
news,4955,1
newswir,4956,1
no,4946,1,4949,1,4950,1,4951,1
nov,4956,1
novemb,4946,1,4949,1,4950,1,4951,1
ocean,4947,1
of,4947,1,4953,1,4955,1
oil,4954,1
on,4946,1,4948,1,4949,1,4950,1,4951,1,4952,1
or,4947,1
other,4954,1
over,4947,1,4953,1
past,4947,1
plan,4946,1,4948,1,4949,1,4950,1,4951,1
press,4953,1
prime,4952,1
quarter,4948,1
regul,4954,1
research,4955,1
result,4945,1,4946,1,4948,1,4949,1,4950,1,4951,1
rishi,4952,1
rival,4953,1
said,4952,1,4953,1
salmon,4955,1
say,4954,1
schumer,4954,1
see,4948,1
senat,4954,2
septemb,4953,1
shutt,4955,1
six-week,4953,1
solid,4948,1
southern,4947,2
speak,4955,1
strong,4946,1,4948,1,4949,1,4950,1,4951,1
sunak,4952,1
surround,4947,1
sustain,4955,2
taken,4947,1
tech,4952,1
temecula,4956,1
test,4952,1
that,4947,1,4952,1
the,4946,1,4947,5,4948,1,4949,1,4950,1,4951,1,4952,1,4953,1,4954,1,4955,1
their,4955,1
they,4952,1,4953,1,4955,1
third,4948,1
thursday,4952,1
to,4947,1,4952,1,4954,1,4955,1
track,4946,1,4949,1,4950,1,4951,1,4955,1
trump,4953,2
two,4947,1
under,4952,1
up,4947,1
urg,4954,1
valu,4955,1
wallet,4955,1
water,4947,1
we,4948,1
wel,4949,1,4951,1
well,4945,1,4946,2,4948,2,4949,1,4950,2,4951,1
with,4946,2,4948,1,4949,2,4950,2,4951,2,4953,1,4955,1
would,4952,1
year,4945,1,4946,1,4948,1,4949,1,4950,1,4951,1
