a,3709,1,3710,2,3711,2,3712,2,3713,2,3714,2,3715,2,3716,2,3717,2,3718,2,3720,2,3721,1
actual,3709,1,3710,1,3711,1,3712,1,3713,1,3714,1,3715,1,3716,1,3717,1,3718,1,3720,1
ad,3719,1
air,3719,1
and,3710,1,3711,1,3712,1,3713,1,3714,1,3715,1,3716,1,3717,1,3718,1,3720,1,3721,1
are,3710,1,3711,1,3712,1,3713,1,3714,1,3715,1,3716,1,3717,1,3718,1,3720,1,3721,1
at,3719,1
atmospher,3719,1
blog,3710,1,3711,1,3712,1,3713,1,3714,1,3715,1,3716,1,3717,1,3718,1,3720,1,3721,1
but,3710,1,3711,1,3712,1,3713,1,3714,1,3715,1,3716,1,3717,1,3718,1,3720,1
celtic,3719,1
char,3709,1,3710,1,3711,1,3712,1,3713,1,3714,1,3715,1,3716,1,3717,1,3718,1,3719,1,3720,1
chuck,3709,1,3710,1,3711,1,3712,1,3713,1,3714,1,3715,1,3716,1,3717,1,3718,1,3720,1
claim,3710,1,3711,1,3712,1,3713,1,3714,1,3715,1,3716,1,3717,1,3718,1,3720,1,3721,1
concis,3709,1,3710,1,3711,1,3712,1,3713,1,3714,1,3715,1,3716,1,3717,1,3718,1,3720,1
do,3709,1,3710,1,3711,1,3712,1,3713,1,3714,1,3715,1,3716,1,3717,1,3718,1,3720,1
electr,3719,1
enough,3719,1
european,3719,1
extra,3719,1
few,3709,1,3710,1,3711,1,3712,1,3713,1,3714,1,3715,1,3716,1,3717,1,3718,1,3719,1,3720,1
glasgow,3719,2
host,3709,1,3710,1,3711,1,3712,1,3713,1,3714,1,3715,1,3716,1,3717,1,3718,1,3720,1
in,3719,1
is,3709,1,3710,1,3711,1,3712,1,3713,1,3714,1,3715,1,3716,1,3717,1,3718,1,3719,1,3720,1
light,3719,1
lot,3710,1,3711,1,3712,1,3713,1,3714,1,3715,1,3716,1,3717,1,3718,1,3720,1,3721,1
meet,3709,1,3710,1,3711,1,3712,1,3713,1,3714,1,3715,1,3716,1,3717,1,3718,1,3720,1
need,3719,1
news,3710,1,3711,1,3712,1,3713,1,3714,1,3715,1,3716,1,3717,1,3718,1,3720,1,3721,1
night,3719,1
occas,3719,1
of,3709,2,3710,3,3711,3,3712,3,3713,3,3714,3,3715,3,3716,3,3717,3,3718,3,3720,3,3721,1
on,3719,2
one,3709,1,3710,1,3711,1,3712,1,3713,1,3714,1,3715,1,3716,1,3717,1,3718,1,3720,1
onli,3709,1,3710,1,3711,1,3712,1,3713,1,3714,1,3715,1,3716,1,3717,1,3718,1,3720,1
over,3719,1
park,3719,1
polit,3709,1,3710,2,3711,2,3712,2,3713,2,3714,2,3715,2,3716,2,3717,2,3718,2,3720,2,3721,1
press,3709,1,3710,1,3711,1,3712,1,3713,1,3714,1,3715,1,3716,1,3717,1,3718,1,3720,1
relev,3709,1,3710,1,3711,1,3712,1,3713,1,3714,1,3715,1,3716,1,3717,1,3718,1,3720,1
scotland,3719,1
sever,3719,1
site,3710,1,3711,1,3712,1,3713,1,3714,1,3715,1,3716,1,3717,1,3718,1,3720,1,3721,1
skylin,3719,1
such,3719,1
th,3709,1,3710,1,3711,1,3712,1,3713,1,3714,1,3715,1,3716,1,3717,1,3718,1,3720,1
the,3709,1,3710,1,3711,1,3712,1,3713,1,3714,1,3715,1,3716,1,3717,1,3718,1,3719,4,3720,1
them,3709,1,3710,1,3711,1,3712,1,3713,1,3714,1,3715,1,3716,1,3717,1,3718,1,3720,1
there,3710,1,3711,1,3712,1,3713,1,3714,1,3715,1,3716,1,3717,1,3718,1,3720,1,3721,1
time,3719,1
to,3709,1,3710,2,3711,2,3712,2,3713,2,3714,2,3715,2,3716,2,3717,2,3718,2,3719,1,3720,2,3721,1
todd,3709,1,3710,1,3711,1,3712,1,3713,1,3714,1,3715,1,3716,1,3717,1,3718,1,3720,1
understand,3710,1,3711,1,3712,1,3713,1,3714,1,3715,1,3716,1,3717,1,3718,1,3720,1,3721,1
up,3719,1
wire,3709,1,3710,1,3711,1,3712,1,3713,1,3714,1,3715,1,3716,1,3717,1,3718,1,3720,1
