a,4529,1,4530,1,4531,2,4532,2,4533,1,4534,2,4535,1,4536,2
ad,4533,1
aft,4531,1
after,4529,1,4531,1
agre,4531,1
airpod,4534,1
all,4532,1
an,4530,2
and,4532,1,4536,1
announc,4531,1
appl,4534,1
at,4530,1,4532,1,4533,1,4536,1
auerbach,4535,1
back,4529,1
banner,4535,1
be,4530,1
bean,4533,1
been,4533,1
best,4534,1
bill,4533,1
black,4534,1
bloy,4530,1
boss,4530,1
boston,4535,3
brandon,4533,1
brewer,4531,2
bring,4537,1
brown,4536,2
buffalo,4533,1
carri,4529,1
casey,4530,1
caught,4536,1
celebr,4532,1
celtic,4535,1
championship,4535,1
char,4529,1,4530,1,4531,1,4532,1,4533,1,4534,1,4535,1,4536,1
club,4531,1
colin,4531,1
cours,4536,1
daili,4534,1
day,4529,1,4532,1
deal,4531,2,4534,1
defens,4533,1
difficult,4536,1
eagl,4536,2
earli,4530,1
earlier,4533,1
ee,4532,2
elit,4534,1
event,4530,1
eye,4530,1
finish,4529,1
five,4536,2
for,4529,1,4530,2,4531,1,4534,1,4536,1,4537,1
forc,4534,1
fumbl,4529,1
fx,4534,1
gainwel,4529,1
game,4532,2,4534,1,4535,1,4536,1,4537,1
garden,4535,1
gear,4537,1
geforc,4537,1
gener,4533,1
give,4532,1
gratitud,4537,1
ha,4533,2
had,4533,1,4536,1
hang,4535,1
hbo,4530,1
he,4536,1
head,4530,1
heart,4532,1
hisens,4534,1
in,4530,1,4535,2,4536,1
includ,4529,1,4534,1
insid,4529,1
into,4530,1
is,4532,1
it,4530,1
j,4536,1
just,4529,1,4531,1
last,4530,1,4535,1,4536,1
launch,4530,1,4532,1
lea,4536,1
lg,4534,1
lightsab,4534,1
lin,4529,1
look,4533,1
made,4533,1
man,4536,1
manag,4533,1
membership,4534,1
mention,4533,1
milwauke,4531,2
mini-l,4534,1
month,4536,1
more,4537,1
move,4533,1
new,4530,1,4532,1
news,4530,1
next,4530,1
novemb,4532,1,4534,1
now,4533,1,4537,1
octob,4536,1
of,4530,1,4532,4,4535,1,4536,1
offici,4533,1
old,4535,1
ole,4534,1
one,4535,1
one-year,4531,1
onli,4535,1
option,4531,1
over,4536,1
pass,4536,1
pitcher,4531,1
point,4535,1
pro,4534,1
proceed,4532,1
product,4530,1
rafter,4535,1
rea,4531,1
real,4532,1
reason,4532,1
receiv,4536,1
red,4535,1
regular-season,4535,1
remain,4531,1
rememb,4532,2
ren,4530,1
reveal,4530,1
right-hand,4531,1
rotat,4529,1
score,4535,1
season,4530,1
second,4530,1
seri,4530,1,4534,1
sign,4533,1
star,4534,1
still,4535,1
stop,4536,1
t,4535,1
tackl,4533,1
team,4533,2
that,4533,2
the,4529,1,4530,3,4531,4,4532,3,4533,2,4534,2,4535,4,4536,2
there,4535,1
thi,4532,1,4533,1
thing,4532,1
thursday,4531,1,4534,1
time,4535,1,4537,1
to,4531,1,4532,1,4536,1
touchdown,4536,1
tv,4534,1
two,4529,1
up,4537,1
us,4532,1
uswil,4530,1
veteran,4533,1
virtual,4532,1
wa,4530,1,4535,2,4536,1
walmart,4534,1
war,4534,1
week,4533,1
wide,4536,1
will,4531,1
with,4529,1,4530,1,4531,2,4532,1,4537,1
world,4532,1
yard,4529,2,4536,1
year,4530,1,4532,1
york,4530,1
