</li>,3015,4
<li>,3015,5
<ul>,3015,1
a,3013,1,3016,1,3017,2,3019,2
abort,3015,1
accord,3014,1,3016,1,3020,1
after,3015,1
america,3015,1
and,3013,2,3021,1
approv,3018,2
as,3013,1
at,3018,1,3021,2
autozon,3014,1
azo,3014,1
b,3019,1
base,3018,2
battl,3015,1
be,3013,1,3019,1
been,3021,1
bi-direct,3013,1
big,3017,1
billion,3021,1
by,3014,1,3016,1,3018,1,3020,1,3021,1
can,3013,1
capabl,3013,1
capit,3016,1
chang,3017,1
char,3012,1,3013,1,3014,1,3015,1,3016,1,3017,1,3018,1,3019,1,3020,1
charg,3013,1,3021,1
climat,3018,1
coalit,3017,2
come,3015,1
compani,3014,1,3020,1
corpor,3018,1
country',3017,1
coup,3012,1
crypto,3021,1
de,3017,1
decemb,3019,1
declar,3019,1
decreas,3014,1
depart,3021,1
disclosur,3020,1
dividend,3019,2
dure,3014,1
eet,3018,1
energi,3013,1
eq,3013,1
execut,3021,1
f,3020,1
fil,3014,1
file,3016,1
financi,3020,1
flight,3017,1
for,3015,3,3017,1
ford,3020,1
format,3017,1
founder,3021,1
free,3014,1,3016,1,3019,1,3020,1
friday,3019,1
gener,3016,1
get,3019,1
globe,3013,1
gm,3016,1
gmm,3016,1
govern,3017,1
ha,3017,1,3018,1
have,3021,1
hodg,3016,1
hold,3016,1
how,3015,1
in,3014,2,3015,1,3016,2,3017,1,3020,4
inc,3014,1,3016,1,3019,1
initi,3018,2
invest,3014,1
investor,3019,1
is,3013,1
it,3014,2,3016,2,3020,2
itt,3019,2
justic,3021,1
life,3014,1
llc,3014,1,3020,1
london,3013,1
lower,3020,1
main,3020,1
manag,3013,1,3014,1,3016,1
minist,3017,1
more,3021,1
most,3014,1,3016,1,3020,1
motor,3016,1,3020,1
namesak,3021,1
new,3014,1,3015,1,3017,1,3019,1
newsw,3013,1
next,3015,3
nov,3013,1
novemb,3018,1
nyse,3014,1,3016,1,3019,1,3020,1
octob,3019,1
of,3013,1,3014,1,3017,2,3019,2,3021,1
on,3019,2
onc,3021,1
paid,3019,1
part,3013,1
parti,3017,1
pedro,3017,1
per,3019,1
portend,3017,1
posit,3014,1
press,3018,1
prime,3017,1
quarter,3014,1,3016,1,3020,1
quarterli,3019,1
rare,3012,1
recent,3014,1,3016,1,3020,1
record,3019,1
releas,3018,1
report,3014,1,3016,1,3019,2,3020,1
right,3015,2
rtt,3019,1
russia,3015,1
s,3021,1
safemoon,3021,1
san,3018,1
sanoma,3018,2
sbti,3018,1
scalabl,3013,1
school,3015,1
scienc,3018,2
sec,3020,1
second,3016,1,3020,1
secur,3016,1
share,3014,1,3019,1
shoot,3015,1
short-haul,3017,1
sign,3017,1
smart,3013,1
socialist,3017,1
solut,3013,1,3020,1
spain,3017,1
stake,3020,1
street,3020,1
system,3013,1
sánchez,3017,1
target,3018,3
texa,3015,1
than,3021,1
the,3013,1,3014,2,3015,1,3016,2,3017,3,3018,2,3020,4,3021,2
thi,3012,1
to,3014,1,3016,1,3020,1
token,3021,1
top,3021,1
trim,3016,1
tse,3016,1
tuesday,3019,1
two,3021,1
u,3016,1,3021,1
uk,3013,1
use,3013,1
valu,3021,1
vehicle-to-grid,3013,1
vote,3015,1
w,3015,1
wa,3021,1
what,3015,2
what',3015,1
whose,3021,1
will,3019,1
with,3013,1,3016,1,3020,1,3021,1
worker,3017,1
york,3014,1
