:p,2583,1
a,2583,1,2584,1,2586,1,2587,2,2588,1,2589,2,2591,2
accord,2582,1,2583,1,2584,1,2587,1,2588,1
acquir,2584,1
ad,2585,1
am,2584,1
amid,2590,1
amp,2582,1
analyst,2586,1
and,2585,1,2588,1
announc,2589,1
apo,2589,1
apollo,2589,1
argentaria,2587,1
artifici,2585,1
at,2586,1
author,2590,1
b,2583,1
banco,2587,2
bancorp,2586,2
bancshar,2583,1
bbd,2587,1
be,2589,1
becom,2590,1
best-sel,2590,1
bilbao,2587,1
billion,2585,1
bookrich,2590,1
boost,2583,1
bradesco,2587,1
business-focus,2585,1
by,2583,1,2585,1,2587,1
calb,2586,1
california,2586,2
capit,2583,1
char,2582,1,2583,1,2584,1,2585,1,2586,1,2587,1,2588,1,2589,1,2590,1,2591,1
compani,2584,1,2587,1
concept,2591,1
countless,2590,1
coverag,2591,1
cross,2585,1
da,2586,1
dad,2590,1
dalla,2584,1
davidson,2586,1
decreas,2586,1
disclosur,2583,1
divid,2589,1
dividend,2589,1
dollar,2590,1
down,2591,1
dure,2587,1,2588,1
earn,2586,1
energi,2591,1
ep,2586,1
estim,2586,1
featur,2585,1
fiat,2590,1
file,2582,1,2584,1,2587,1,2588,1
financ,2590,1
financi,2582,1,2584,1,2588,2
firm,2591,1
first,2584,1
for,2585,1,2586,1
free,2582,1,2583,1,2584,1,2586,1,2587,1,2588,1,2589,1,2591,1
friday,2589,1
gbr,2591,1
get,2589,1
global,2589,1
group,2588,1
ha,2585,1
hi,2590,1
hodg,2583,1
in,2582,1,2583,2,2584,3,2586,1,2587,2,2588,1,2591,1
inc,2582,1,2583,2,2584,2,2588,1,2589,1
intellig,2585,1
investor,2589,1
is,2585,1
issu,2586,1,2591,1
it,2582,1,2583,2,2584,1,2585,1,2587,2,2588,1
kiyosaki,2590,1
linkedin,2585,1
llc,2588,1
manag,2583,1,2589,1
member,2585,1
microsoft,2585,1
monday,2591,1
money,2590,1
more,2585,2
most,2582,1,2583,1,2584,1,2587,1,2588,1
nasdaq,2582,1,2584,1,2586,1,2588,1
network,2585,1
new,2584,1,2588,1,2591,1
note,2586,1,2591,1
novemb,2589,2
now,2585,1
nyse,2583,1,2587,1,2589,1,2591,1
octob,2586,1
of,2588,1,2589,1,2590,1,2591,1
on,2585,1,2586,1,2589,2,2591,3
own,2585,1
paid,2589,1
particularli,2590,1
pay,2585,1
per,2586,1
person,2590,1
po,2590,1
posit,2583,1,2587,1
prosper,2583,1
publish,2591,1
purchas,2588,1
quarter,2582,1,2583,1,2584,1,2587,1,2588,1
quarterli,2589,1
rais,2587,1
rate,2591,1
recent,2582,1,2583,1,2584,1,2587,1,2588,1
record,2589,1
report,2582,1,2583,1,2584,1,2586,1,2587,1,2588,1,2589,2,2591,1
research,2586,1,2591,1
robert,2590,1
s,2587,2
said,2585,1
second,2583,1
secur,2582,1,2583,1,2584,2,2588,1
sell,2591,1
separ,2591,1
share,2586,1,2588,1,2591,1
social,2585,1
soon,2590,1
stake,2584,1,2588,1
start,2591,1
state,2590,1
steward,2588,1
stock,2591,1
stocknews.com,2591,1
t,2587,1
tfin,2582,1,2584,1,2588,1
than,2585,1
that,2590,1
the,2582,2,2583,2,2584,3,2585,1,2587,2,2588,2,2590,3,2591,2
their,2586,1
thestreet,2591,1
to,2582,1,2583,1,2584,1,2587,1,2588,1
triumph,2582,1,2584,1,2588,1
tuesday,2586,1
unit,2590,1
usd,2590,1
user,2585,1
vizcaya,2587,1
warn,2590,1
wednesday,2585,1,2589,1
will,2589,1
with,2582,1,2583,1,2584,1,2587,1,2588,1
worthless,2590,1
would,2590,1
zack,2589,1
