</li>,2022,1
<li>,2022,1,2023,1
<ul>,2023,1
a,2023,2,2024,1,2025,2,2027,1,2028,1
about,2023,1
access,2024,1
across,2023,1
after,2028,1
agent,2025,1
aground,2025,1
alert,2023,1
alic,2024,1
all,2024,1
america,2023,1
an,2025,1,2028,1,2029,1
announc,2026,1
ap,2029,1
art,2024,4
as,2024,1
at,2023,1,2029,1
author,2025,1
be,2030,1
beach,2029,1
big,2028,1
bill,2022,1
billion,2028,1
boat,2025,1
bob,2029,1
bought,2029,1
bridg,2024,1
busi,2022,1
busson,2029,1
by,2024,1
call,2024,1
carryout,2029,1
cell,2026,1
char,2022,1,2023,1,2024,1,2025,1,2026,1,2027,1,2028,1,2029,1
climb,2028,1,2029,1
coast,2025,1
cocain,2025,1
consid,2027,1
continu,2028,1
crack,2030,1
current,2027,1
curtic,2029,2
daytona,2029,1
de,2024,3,2028,1,2029,1
depend,2027,1
direct,2026,1
disagre,2027,1
down,2030,1
elit,2022,1
emerg,2023,1
estim,2025,1,2028,1
exist,2027,1
fahad,2022,1
fall,2027,1
fcc,2023,1
feder,2025,1
fema,2023,1
fla,2029,1
for,2024,1,2028,1
former,2022,1
foundat,2024,1
fraudul,2022,1
from,2025,2
fund,2024,1
futil,2028,1
ghaffar,2022,1
grant,2024,1
hit,2028,1
in,2024,1,2026,1,2029,1
initi,2024,1
investor,2022,1
iowa,2028,1,2029,1
ir,2030,1
is,2023,1,2024,1,2026,1,2027,2
it,2026,3,2028,1
jackpot,2028,1,2029,1
jeremi,2029,1
juan,2025,1
last,2028,1
law,2027,1
lotteri,2028,1
may,2030,1
men,2025,1
might,2027,1
million,2025,1
moin,2028,1,2029,1
monday,2029,1
month,2028,1
more,2028,1
museo,2024,2
museum,2024,1
n,2027,1
nationwid,2023,1
new,2024,1,2026,1
night,2028,1
no,2028,1
not,2027,1
oct,2023,1,2029,1
of,2023,1,2024,2,2025,1,2027,1,2028,1,2029,1
off,2025,1
ohio,2029,1
on,2023,1,2026,2,2027,2,2030,1
one,2024,1
out,2023,1,2026,1
p.m.fema,2023,1
part,2024,1
partner,2022,1
player,2028,1
polit,2027,1
powerbal,2028,1,2029,2
provid,2026,1
puert,2024,1
puerto,2022,1,2023,1,2024,1,2025,2,2027,1
ran,2025,1
receiv,2023,1,2024,1
reef,2025,1
rico,2022,1,2023,1,2024,1,2025,2,2027,1
roll,2026,1
s,2027,1
said,2025,1
san,2025,1
satellit,2026,1
saturday,2028,1
schedul,2023,1
seiz,2025,1
send,2023,1
servic,2026,2
situat,2027,1
smartphon,2023,1
south,2025,1
spacex,2026,1
spectrum,2027,1
starlink,2026,1
start,2026,1
state,2027,1
stretch,2028,1
system,2023,1
talk,2026,1
te,2023,1
territori,2027,1
test,2023,1
text,2026,1
th,2028,1
than,2028,1
that,2025,1,2026,1,2027,1
the,2022,1,2023,2,2024,1,2025,1,2026,1,2027,3,2028,1,2029,2,2030,1
though,2027,1
thursday,2025,1
ticket,2029,1
to,2023,1,2026,2,2028,1,2029,1
tuesday,2026,1
two,2025,1,2028,1
u,2027,1
under,2027,1
up,2026,1
use,2026,1
user,2026,1
wadsworth,2029,1
walton',2024,1
webpag,2026,1
went,2026,1
where,2027,1
will,2023,1,2026,1
with,2023,1,2026,1,2027,1
work,2023,1
worth,2025,1
you,2027,2
