a,2490,1,2491,1,2492,2,2493,1,2494,1,2496,2,2497,1
about,2493,1,2494,1
actress,2490,1
administr,2493,1,2494,1
advisers.thi,2493,1,2494,1
after,2490,1
alway,2490,1
american,2493,1,2494,1
an,2490,1,2491,1
and,2495,1,2496,1,2497,1
annua,2491,1
appear,2497,1
approxim,2491,1
ask,2497,1
associ,2495,1
bank,2492,1
basic,2493,1,2494,1
be,2490,1,2493,1,2494,1,2496,1
beat,2491,1
benchmark,2495,1
biden,2493,1,2494,1
big,2492,1
bill,2496,1
bitcoin,2492,2
btc,2492,1
bull,2492,1
by,2493,1,2494,1
carolin,2497,1
ch,2490,1
char,2490,1,2491,1,2492,1,2493,1,2494,1,2495,1,2496,1,2497,1
charlamagn,2497,1
classif,2496,1
close,2495,1
colorado,2496,1
commiss,2490,1
compani,2491,1
could,2492,1,2496,1
cupid,2495,1
daili,2497,1
day,2497,1
delhi,2495,1
develop,2491,1
drive,2497,1
dure,2495,1
earn,2491,1
eli,2497,1
fairn,2493,1,2494,1
few,2496,1
financi,2493,1,2494,1,2495,1
flynn,2490,1
follow,2491,1
forecast,2491,1
fresh,2492,1,2495,1
from,2490,1,2493,1,2494,1,2497,1
funkkoff,2490,1
garrett,2497,1
gdp,2491,1
get,2496,1
go,2492,1
god,2497,1
good,2491,1
gotten,2491,1
guest,2497,1
ha,2492,1,2493,1,2494,1
haley,2497,1
halv,2492,1
happen,2490,1
have,2491,1
heavier,2496,1
heel,2497,1
help,2497,1
her,2490,1
high,2495,1
hit,2495,1,2496,1
homeown,2496,1
host,2497,1
hous,2496,1
i,2490,1
if,2496,1
in,2492,1,2496,1,2497,1
indic,2491,1
invest,2492,1
is,2493,1,2494,1
it,2496,1
joe,2493,1,2494,1
joell,2490,1
jp,2495,1
just,2492,1
last,2496,1,2497,1
late,2497,1
leav,2496,1
legisl,2496,1
life,2495,1
like,2490,1,2492,1
link,2490,1
logist,2495,1
ltd,2495,1
made,2490,1
maheshwari,2495,1
mark,2496,1
market,2492,1,2496,1
may,2490,1,2496,1
mean,2492,1
mittal,2495,1
month,2496,1
morgan,2492,1
new,2493,1,2494,1,2495,1,2498,1
next,2496,1
nifti,2495,1
night,2497,1
nikki,2497,1
nse,2495,2
of,2490,1,2491,1,2492,1,2493,1,2494,1,2495,1
off,2491,1
okun,2497,1
on,2490,2,2495,1,2496,1
out,2493,1,2494,1
pass,2496,1
presid,2493,1,2494,1
price,2492,1
propos,2493,1,2494,1
protect,2493,1,2494,1
ptc,2495,1
purchas,2490,1
recal,2490,1
receiv,2490,1
rental,2496,1
report,2491,2
retir,2493,1,2494,1
ross,2497,1
rule,2493,1,2494,1
save,2493,1,2494,1
scam,2493,1,2494,1
share,2495,1
shark,2490,1
show,2497,1
signif,2492,1
south,2497,1
stanley,2492,1
start,2491,1
state,2492,1,2496,1
style,2495,1
surg,2497,1
tank,2490,1
tax,2496,1
tha,2497,1
that,2492,2,2493,1,2494,1
the,2491,2,2492,2,2496,3,2497,2
their,2491,1,2493,1,2494,1,2495,1
there,2497,1
thi,2491,1,2492,1
three-quart,2491,1
thursday',2495,1
to,2490,2,2491,1
trade,2495,1
trigger,2492,1
turn,2497,1
tv,2490,1
unscrupul,2493,1,2494,1
up,2492,1
upcom,2492,1
want,2490,1
we,2490,1
week,2495,1
went,2497,1
whatev,2490,1
which,2491,1
will,2492,1,2493,1,2494,1
with,2491,1,2496,1,2497,1
would,2496,1
