<li>,2199,1
<ul>,2199,1
a,2192,1,2194,2,2195,1,2196,1,2197,1,2198,1,2199,3
adida,2198,3
after,2193,1
ago,2194,1
album,2198,1
also,2192,1
an,2193,1,2194,2
and,2191,1,2194,1,2196,1,2198,1
ani,2197,1
anoth,2198,1
arrest,2200,1
as,2199,1
at,2194,1,2199,1,2200,1
bad,2198,2
ball,2196,1
biggest,2200,1
billion,2193,2,2195,2,2196,1,2197,1
blazer,2192,2
bunni,2198,2
by,2191,1
c,2198,1
california,2195,1,2196,1
call,2194,1
came,2193,1
carolina,2192,1
center,2192,1
championship,2192,1
char,2191,1,2192,1,2193,1,2194,1,2195,1,2196,1,2197,1,2198,1,2199,1
cl,2198,1
colorway,2198,1
commission,2200,1
commun,2194,1
company',2199,1
conditt,2192,2
cordero,2194,1
crackdown,2200,1
creat,2191,1
crime,2200,1
david,2194,1
de,2192,1
department',2200,1
display,2199,1
draw,2193,1
edit,2199,1
estim,2193,1,2195,1,2197,1
experi,2194,1
facebook,2194,1
fan,2199,1
fe,2199,2
follow,2198,1
for,2193,1,2194,1,2197,1
foundat,2191,1
from,2193,1
fund,2191,1
galaxi,2199,2
gargantuan,2195,1,2196,1
gave,2194,1
gener,2191,1
georg,2192,1
gigant,2192,1
glanc,2199,1
grand,2193,1
have,2198,1
hi,2198,1
hit,2198,1
i,2194,1
immedi,2197,1
in,2192,1,2195,1,2196,1,2199,1,2200,2
inch,2199,1
institut,2191,1
is,2194,1,2199,2
it,2195,1,2199,2
jackpot,2193,1,2195,2,2196,1,2197,1
juan,2200,1
keith,2192,1
largest,2199,1
last,2192,1
late,2195,1
latest,2198,2
least,2200,1
less,2194,1
lo,2198,1
lotteri,2195,1,2196,1
mañana,2198,1
mellon,2191,1
mercado,2194,1
mid-rang,2199,1
my,2194,1
nadi,2198,1
night,2197,1
night',2193,1,2195,1,2196,1
no,2193,1,2197,1
number,2193,1,2196,1,2197,1
of,2192,1,2193,1,2197,1,2198,1
offici,2195,1,2196,1
on,2194,1,2197,1,2200,2
pasar,2198,1
past,2195,1
peopl,2200,1
plu,2199,1
polic,2200,2
portland,2192,1
powerbal,2193,1,2195,1,2196,2,2197,2
prize,2193,1
professor,2194,1
puerto,2192,1,2200,2
que,2198,1
recent,2200,1
red,2196,1
releas,2198,1
respons,2198,2
reveal,2197,1
review,2199,1
rico,2192,1,2200,2
rose,2193,1
roughli,2193,1
sabe,2198,1
sale,2195,1
samsung,2199,2
san,2200,1
saturday,2197,1
say,2195,1,2196,1
school,2194,1
sent,2195,1
sign,2192,1
singl,2195,1,2196,1
slot,2199,1
smith,2192,1
sold,2195,1,2196,1
sourc,2192,1
spotrac,2192,1
student,2194,1
ta,2199,1
tab,2199,2
tablet,2199,1
than,2194,1
that,2193,1
the,2191,1,2192,3,2193,3,2195,2,2196,1,2197,2,2198,3,2199,2,2200,1
there,2193,1,2197,1
they,2197,1
ticket,2193,1,2195,2,2196,1
to,2193,1,2194,1
told,2192,1
trail,2192,1
tuesday,2200,1
unexpect,2194,1
unforgett,2194,1
up,2193,1
upr',2194,1
va,2198,1
w,2197,1
wa,2197,1
wai,2192,1
way,2194,1
wednesday,2193,1,2195,1,2196,1
week,2194,1
were,2193,2,2196,1,2197,2
what,2199,1
whether,2197,1
white,2196,1
who,2194,1
win,2193,1,2196,1,2197,1
with,2192,1,2197,1,2198,1,2199,1
won,2192,1,2195,1,2196,1
word,2197,1
wrote,2194,1
x,2198,1
year,2192,1,2200,1
