a,3751,3,3756,1,3757,1,3759,1,3760,1
accept,3759,2
accord,3753,1
adm,3757,1
affair,3754,1,3755,1,3758,1
alex,3757,1
alexandria,3751,1
almost,3756,1
an,3754,1,3755,1,3758,1
analysi,3754,1,3755,1,3758,1
and,3751,1,3754,2,3755,2,3757,3,3758,2
anti-rac,3753,1
assist,3753,2
associ,3753,1
australian,3754,1,3755,1,3758,1
back,3756,1
believ,3760,1
biden,3757,1
bitcoin,3759,2
brand,3752,1
brown,3752,2
busi,3754,1,3755,1,3758,1
by,3753,1
c,3751,1
caller,3753,1
campaign,3757,2,3759,1
can,3756,1
catherin,3757,1
char,3750,1,3751,1,3752,1,3753,1,3754,1,3755,1,3756,1,3757,1,3758,1,3759,1
christin,3752,1
clear,3752,1
climat,3754,1,3755,1,3758,1
clock,3756,1
cover,3757,1
crikey,3754,1,3755,1,3758,1
cruz,3759,1
cruz',3759,1
cryptocurr,3759,1
cul,3754,1,3755,1,3758,1
current,3751,1
d,3751,1
daili,3753,1,3756,2
decis,3759,1
despit,3756,1
domest,3757,1
donationsu,3759,1
done,3752,1
east,3760,1
econom,3754,1,3755,1,3758,1
educ,3753,1
email,3753,1
embrac,3759,1
episod,3752,1
exclus,3753,1
extra,3756,1
extrem,3752,1
fall,3751,1
focus,3754,1,3755,1,3757,1,3758,1
footag,3752,1
for,3754,1,3755,1,3758,1,3759,1,3760,1
forb,3756,2
former,3751,1
from,3752,1,3760,1
gather,3751,1
gender,3757,1
get,3756,1
good,3756,1
group,3751,2,3753,1
grow,3759,1
ha,3759,1
hall,3753,1
health,3754,1,3755,1,3758,1
held,3753,1
her,3752,1
here,3756,1
highlight,3759,1
hill,3751,1
hour,3756,1
hous,3757,1
in,3751,3,3752,2,3756,1,3759,1
inbox,3756,1
includ,3752,1
independ,3754,1,3755,1,3758,1
insta,3752,1
intern,3754,1,3755,1,3758,1
investig,3754,1,3755,1,3758,1
is,3752,1,3754,1,3755,1,3756,1,3757,1,3758,1,3760,1
issu,3757,1
it,3756,1
just,3751,1
leak,3753,1
leari,3757,1
life,3752,1
lucey,3757,1
made,3759,1
mainstream,3759,1
make,3752,1
media,3754,1,3755,1,3758,1
middl,3760,1
morn,3756,1
much,3752,1
nation,3757,1
new,3752,1
news,3754,1,3755,1,3758,1,3760,1
newslett,3756,1
novemb,3752,1
o,3751,1
obtain,3753,1
of,3751,2,3752,1,3756,2,3759,1
old,3751,1
on,3752,1,3754,1,3755,1,3757,1,3758,1
opinion,3754,1,3755,1,3758,1
our,3756,1
outsid,3751,1
pa,3753,1
paea,3753,1
physician,3753,2
polici,3757,1
polit,3754,1,3755,1,3757,1,3758,1
politicsu,3759,1
prelud,3760,1
publish,3756,1
rang,3751,1
re-elect,3757,1
report,3757,1
repres,3751,1
robyn,3752,1
room,3751,1
s,3752,1
scholar,3751,1
senat,3759,2
she,3752,1
sign-up,3756,1
signific,3759,1
sister,3752,1
small,3751,1
societi,3754,1,3755,1,3758,1
some,3760,1
someth,3752,1
sourc,3754,1,3755,1,3758,1
staffer,3751,1
sunday,3752,1
tank,3751,1
ted,3759,1
the,3751,2,3752,1,3753,2,3754,1,3755,1,3756,2,3757,2,3758,1,3760,2
thi,3752,1,3756,1
think,3751,1
time,3756,1
to,3753,1,3756,2,3759,1,3760,1
town,3751,1,3753,1
train,3753,1
trump,3757,1
turn,3756,1
veri,3752,1
version,3756,1
washington,3751,1
which,3753,1
white,3757,1
wide,3751,1
will,3752,1
within,3757,1
wive,3752,1
wsj,3757,1
you,3756,1
your,3756,1
