a,3217,1,3218,1,3219,1,3220,1,3221,1,3222,1,3223,2,3224,1
affili,3219,1,3221,1,3222,1,3224,1
ago,3218,1
album,3216,1
and,3217,2,3219,2,3220,1,3221,2,3222,2,3223,1,3224,2
anim,3216,1
appear,3216,1
articl,3220,1
as,3216,1
at,3217,1,3219,1,3220,1,3221,1,3222,1,3224,1
away,3223,1
bachelor,3223,1
back,3223,1
bay,3225,1
be,3218,1
beatl,3217,1
becaus,3219,1,3220,1,3221,1,3222,1,3224,1
befor,3223,1
break,3223,1
brian,3225,1
but,3218,1
buy,3220,1
by,3218,1,3220,1,3223,1
cassi,3223,1
center,3217,1
char,3216,1,3217,1,3218,1,3219,1,3220,1,3221,1,3222,1,3223,1,3224,1
chose,3223,1
colton,3223,1
colton',3223,1
commiss,3219,1,3221,1,3222,1,3224,1
commissio,3220,1
cours,3218,1
deal,3219,1,3221,1,3222,1,3224,1
direct,3216,1
e,3219,1,3220,1,3221,1,3222,1,3224,1
even,3218,1
fan,3223,1
featur,3216,1
fenc,3223,1
few,3218,1
film,3216,1
final,3217,1
former,3216,1
from,3220,2
futuramawould,3218,1
gener,3225,1
georg,3217,1
get,3219,1,3221,1,3222,1,3224,1
green,3225,1
gutekunst,3225,1
ha,3219,1,3221,1,3222,1,3224,1
harrison,3217,1
have,3217,1
if,3219,1,3220,1,3221,1,3222,1,3224,1
in,3216,1,3217,1
independ,3219,1,3221,1,3222,1,3224,1
is,3217,1,3220,1
it,3218,2,3223,1,3225,1
item,3220,1
john,3217,1
jump,3223,1
know,3218,1
last,3217,1
leav,3223,1
lennon,3217,1
like,3219,1,3220,1,3221,1,3222,1,3224,1
link,3220,1
littl,3223,1
live,3216,1
love,3219,1,3220,1,3221,1,3222,1,3224,1
made,3218,1
make,3220,1,3225,1
manag,3225,1
may,3219,1,3221,1,3222,1,3224,1
mayb,3218,1
mccartney,3217,1
might,3219,1,3220,1,3221,1,3222,1,3224,1
not,3218,1
now,3217,1
odd,3218,1
of,3218,1,3223,1,3225,1
off,3223,1
offens,3225,1
on,3217,2,3218,1
one,3216,1
onli,3218,1
or,3218,1
origin,3216,1
our,3220,1
over,3218,1
overal,3225,1
packer,3225,1
paul,3217,1
price,3219,1,3220,1,3221,1,3222,1,3224,1
product,3219,1,3221,1,3222,1,3224,1
purchas,3219,1,3221,1,3222,1,3224,1
qvc,3220,2
randolph,3223,1
relationship,3219,1,3221,1,3222,1,3224,1
right,3223,1
ringo,3217,1
run,3223,1
s,3219,1,3221,1,3222,1,3224,1
say,3225,1
season,3218,1,3223,1
select,3219,1,3220,1,3221,1,3222,1,3224,1
show,3218,1
singer,3216,1
so,3218,1,3219,1,3221,1,3222,1,3223,1,3224,1
someth,3220,1
song,3216,1,3217,1
split,3223,1
sponsor,3220,1
star,3216,1
starr,3217,1
statu,3223,1
still,3218,1
struggl,3225,1
stun,3223,2
that,3217,1,3218,2
the,3216,2,3217,2,3218,2,3223,1,3225,2
their,3217,1
them,3219,2,3220,2,3221,2,3222,2,3224,2
then,3217,1
these,3219,2,3220,2,3221,2,3222,2,3224,2
thi,3220,1
think,3219,1,3221,1,3222,1,3224,1
thought,3218,1,3220,1
to,3218,1,3223,1
tough-guy,3216,1
track,3217,1
unearth,3217,1
unveil,3217,1
upcom,3216,1
vocal,3217,1
wa,3217,1
we,3219,4,3220,2,3221,4,3222,4,3224,4
were,3220,1,3223,1
when,3223,1
which,3216,1
who,3218,2
will,3216,1
work,3217,1
wouldv,3218,2
year,3218,2
you,3219,2,3220,2,3221,2,3222,2,3224,2
