:p,2422,1
a,2421,1,2423,1,2426,2,2427,1
about,2423,1
abrdn,2424,1,2425,1
accord,2420,1,2422,1,2425,1
after,2426,1
agent,2427,1
agent-centr,2428,1
an,2427,2
anak,2428,1
and,2421,1,2423,1,2427,1
ani,2421,1
as,2427,1
associ,2426,1
bagi,2428,1
becom,2427,1
befor,2421,1,2426,1
bellingham,2428,1
brokerag,2428,1
buckl,2421,1
build,2421,1
by,2420,1,2422,1,2424,1,2425,1
capit,2429,1
ceo,2426,1
char,2420,1,2421,1,2422,1,2423,1,2424,1,2425,1,2426,1,2427,1,2428,1
class,2427,1
come,2426,1,2427,1
comment,2427,1
compani,2420,1,2422,1,2425,1
content,2427,1
convict,2423,1
corp,2422,1
creator,2427,1
dan,2428,1
day,2426,1
dealt,2426,1
debat,2427,1
debut,2423,1
disclosur,2420,1
docuseri,2423,1
down,2426,1
dri,2421,1
dure,2425,1
durst.hbo,2423,1
earn,2427,1
empir,2421,1
episod,2423,1
estat,2423,1,2424,1,2427,1,2428,1
exp,2428,2
expi,2428,1
exr,2420,1
file,2422,1,2425,1
firm,2424,1
form,2422,1
freddi,2427,1
free,2420,1,2422,1,2424,1,2425,1
frenzi,2421,1
fund,2421,1
global,2421,1
globe,2428,1
grew,2422,1,2425,1
group,2425,1,2426,1
ha,2427,1,2428,1
heir-turn,2423,1
hi,2426,1,2427,1
hold,2425,1,2428,1
holdingschannel,2424,1
hour,2427,1
in,2420,2,2422,3,2423,1,2424,2,2425,2,2427,1
inc,2422,1,2424,1,2425,1,2428,1
inform,2423,1
invest,2424,1
is,2426,1
it,2420,1,2421,1,2422,2,2423,1,2424,1,2425,2
jinx,2423,1
judgement,2426,1
just,2426,1
lay,2421,1
ld,2422,1
lessen,2424,1
lincoln,2422,1
max,2423,1
middl,2427,1
month,2426,1
more,2421,1,2423,1
most,2420,1,2422,1,2425,1,2428,1
move,2426,1
nasdaq,2428,1
nation,2422,1,2426,1
nearli,2426,1
new,2423,1,2427,1
newswir,2428,1
nov,2428,1
nyse,2420,1,2422,1,2424,1,2425,1,2429,1
of,2421,1,2422,1,2423,2,2424,2,2425,1,2426,2
off,2421,1
on,2428,1
onlin,2427,1
orlando,2427,1
other,2421,1
own,2424,1
plan,2426,1
planet,2428,1
plc,2424,1,2425,1
posit,2422,1
present,2423,1
prolog,2422,1
properti,2425,1
punish,2426,1
quarter,2420,1,2422,1,2424,1,2425,1
ran,2421,1
real,2423,1,2424,1,2427,1,2428,1
real-est,2421,1
realti,2428,1,2429,1
realtor,2426,1
recent,2420,1,2422,1,2425,1
report,2420,1,2422,1,2424,2,2425,1
retir,2426,1
robert,2423,1
rode,2421,1
s,2421,1,2427,1
say,2427,1
se,2420,1
season,2423,1
second,2422,1,2423,1,2424,1
secur,2425,1
securi,2422,1
share,2422,1,2424,2,2425,1
simon,2425,1
six,2423,1
smith,2427,1
spg,2425,1
spirit,2429,1
stake,2424,1
startup,2421,1
step,2426,1
stir,2427,1
stori,2423,1
syarikat,2428,1
tera,2428,1
than,2421,1
that,2426,1,2427,1
the,2420,3,2421,2,2422,3,2423,3,2424,3,2425,3,2426,3,2427,2,2428,2
there,2423,1
thousand,2421,1
to,2420,1,2422,1,2423,1,2425,1
trade,2426,1
tru,2424,1
two,2426,2
u,2421,1,2427,1
under,2421,1
venta,2424,1
venture-capit,2421,1
video,2427,1
viral,2427,1
vtr,2424,1
wa,2426,1
wash,2428,1
wave,2421,1
wework,2421,1
when,2421,1
will,2423,1
with,2420,1,2422,1,2425,1
world,2428,1
worth,2421,1
