a,1920,2,1923,2,1926,3,1927,2,1928,2,1929,3,1930,1
accord,1924,1
accus,1921,1
after,1930,1
against,1921,1
all,1920,1
altern,1923,1,1926,1,1927,1,1928,1,1929,1
an,1923,1,1924,1,1926,1,1927,1,1928,1,1929,1
and,1922,2,1925,1,1926,1,1929,1
are,1922,1,1925,1,1926,1,1929,1
avoid,1925,1
b,1923,1,1927,1,1928,1
be,1921,1
beatl,1930,1
becaus,1922,1
been,1921,1
between,1922,1
broadcast,1921,1
bu,1922,1
centrist,1924,1
char,1920,1,1921,1,1922,1,1923,1,1924,1,1925,1,1926,1,1927,1,1928,1,1929,1
conserv,1924,1
cost,1925,1
danger,1922,1
deal,1925,1
disney-color,1925,1
display,1923,1,1926,1,1927,1,1928,1,1929,1
down,1930,1
elect,1924,1
energi,1925,2
everi,1921,1
exchang,1922,1
exit,1924,1
fact,1921,1
februari,1923,1,1926,1,1927,1,1928,1,1929,1
first,1930,1
follow,1924,1
for,1920,1,1922,2
from,1924,1
full,1930,1
game,1923,2,1926,2,1927,2,1928,2,1929,2
goal,1922,1
goe,1921,1
green,1920,1,1925,1
ha,1921,1
have,1930,1
hea,1920,1
heat,1920,2
here,1925,1
high,1920,1
hit,1920,1
illustr,1923,1,1926,1,1927,1,1928,1,1929,1
in,1921,3,1922,1,1923,2,1926,2,1927,2,1928,2,1929,2
ipso,1924,1
is,1921,1,1922,1,1923,3,1924,1,1926,2,1927,3,1928,3,1929,2
it,1922,1,1930,1
john,1930,1
justic,1924,1
krakow,1923,1,1926,1,1927,1,1928,1,1929,1
kremlin,1922,1
laptop,1926,1,1929,1
last,1930,1
law,1924,1
lennon,1930,1
like,1920,1
littl,1921,1
low,1925,1
make,1925,1
negoti,1922,1
new,1920,2,1921,2,1923,1,1925,1,1926,1,1927,1,1928,1,1929,1
newscast,1921,1
night,1921,1
no,1925,1
not,1922,2,1925,1
note,1920,1
of,1921,1,1925,1
offer,1922,1
on,1920,2,1921,1,1923,2,1926,2,1927,2,1928,2,1929,2
one,1925,1
onli,1925,1
opposit,1924,1
other,1925,1
over,1924,1
pain,1925,1
parti,1924,1
peac,1922,2
phone,1923,1,1926,1,1927,1,1928,1,1929,1
photo,1923,2,1926,1,1927,2,1928,2,1929,1
pi,1924,1
point,1925,1
pointedli,1925,1
pointless,1922,1
pois,1924,1
poland,1921,1,1923,1,1924,1,1926,1,1927,1,1928,1,1929,1
polish,1921,1
polit,1924,1
poll,1924,1
post,1925,1
pro-eu,1924,1
propos,1922,1
pump,1920,1
quordl,1923,2,1926,2,1927,2,1928,2,1929,2
recent,1921,1
releas,1920,1,1924,1,1930,1
repeat,1920,1
report,1920,1
rise,1925,1
rule,1924,1
russia,1922,1
s,1924,2
screen,1923,1,1926,1,1927,1,1928,1,1929,1
seen,1923,1,1926,1,1927,1,1928,1,1929,1
sever,1925,1
song,1920,1,1930,1
state,1921,1
sunday,1924,1
take,1924,1
taken,1923,1,1926,1,1927,1,1928,1,1929,1
territori,1922,2
that,1923,1,1925,2,1926,1,1927,1,1928,1,1929,1
the,1920,1,1921,5,1922,1,1924,1,1925,1,1930,1
their,1930,1
thi,1923,1,1925,1,1926,1,1927,1,1928,1,1929,1
to,1923,1,1924,2,1926,1,1927,1,1928,1,1929,1
today,1920,1
transit,1925,1
tvp,1921,1
type,1925,1
ukrain,1922,1
ukrainian,1922,1
unpopular,1925,1
up,1921,1
w,1926,1,1929,1
which,1921,1
wiadomoci,1921,1
wide,1921,1
will,1922,1
word,1923,1,1926,1,1927,1,1928,1,1929,1
wordl,1923,1,1927,1,1928,1
wrote,1930,1
year,1921,1,1930,1
yve,1925,1
