a,2323,1,2324,1,2326,1,2327,1,2328,1,2331,2
abrdn,2329,1
accord,2324,1,2325,1,2328,1,2329,1
acquir,2328,1
advisor,2330,1
against,2327,1
alexandria,2325,1,2329,1
and,2322,1,2323,1,2326,1,2327,1,2328,1,2331,2
are,2325,1,2329,1
as,2326,2
asset,2323,1
associ,2327,1
at,2326,1
australia',2331,1
award,2327,1
bam,2323,1
billion,2327,2
bird,2331,1
boost,2329,1,2330,1
bright,2331,1
brookfield,2323,1
by,2325,1,2329,1,2330,1
call,2324,1
canada',2323,1
challeng,2324,1
channel,2330,1
char,2322,1,2323,1,2324,1,2325,1,2326,1,2327,1,2328,1,2329,1,2330,1
cite,2324,1
colour,2331,1
compani,2324,1,2325,1
concern,2322,1
condit,2324,1
could,2327,1
cushman,2323,1
cut,2325,1
cwk,2323,1
damag,2327,1
declin,2324,1
devot,2331,1
disclo,2325,1
distinct,2331,1
due,2324,1
dure,2325,1,2329,1,2330,1
dynam,2330,1
earlier,2327,1
earn,2324,2
equiti,2325,1,2329,1
estat,2322,1,2324,1,2325,1,2326,1,2327,2,2328,1,2329,1,2330,1
etf,2328,1,2330,1
exchang,2328,1
feder,2327,1
file,2328,1,2329,1
financi,2328,1
fire,2323,1
fo,2323,1
for,2327,1
free,2325,1,2326,1,2328,1,2329,1,2330,1
from,2322,1,2323,1
gbx,2326,2
get,2326,1
global,2324,1
grit,2326,1
group,2326,1,2328,1
ha,2323,1,2331,1
handl,2323,1
hold,2325,1,2330,1
in,2323,1,2324,1,2325,2,2327,1,2328,2,2329,1,2330,1,2331,1
inc,2325,1,2329,1
incom,2326,1
industri,2327,1
institut,2330,1
interest,2322,1,2324,1
invest,2325,1
investor,2330,1
is,2331,1
ishar,2330,1
it,2323,1,2324,1,2325,2,2328,1,2329,2,2330,1,2331,1
iyr,2330,1
jerom,2322,1
jll,2324,1
jone,2324,1
juri,2327,2
lang,2324,1
lasal,2324,1
last,2326,1
latest,2324,1
life,2331,1
limit,2326,1
list,2323,1
llc,2325,1,2328,1,2330,1
logist,2323,1
lon,2326,1
low,2326,2
manag,2323,1
market,2324,1
market-bas,2322,1
mean,2327,1
most,2325,1,2328,1,2329,1
nation,2327,1
new,2326,1,2328,1
nyse,2323,1,2324,1,2325,1,2329,1
nysearca,2328,1,2330,1
of,2325,1,2327,1,2329,1,2331,1
offic,2323,1
on,2326,1
over,2322,1
own,2330,1
parrot,2331,1
part,2331,1
pfg,2325,1
plc,2329,1
plumag,2331,1
posit,2328,1,2329,1
powel,2322,1
quarter,2325,1,2328,1,2329,1,2330,1
rate,2322,1,2324,1
reach,2326,1
real,2322,1,2324,1,2325,1,2326,1,2327,2,2328,1,2329,1,2330,1
realtor,2327,1
recent,2325,1,2328,1,2329,1
regent,2331,1
report,2324,1,2325,1,2326,1,2328,1,2329,1,2330,2
reuter,2323,1
rise,2322,1
riverland,2331,1
rule,2327,1
s,2330,1
second,2325,1,2328,1
secur,2328,1,2329,1
sever,2327,1
share,2325,1,2326,1,2329,1
solut,2330,1
south,2331,1
spokesperson,2323,1
stake,2330,1
state,2323,1
steward,2328,1
stock,2326,1
the,2322,1,2323,1,2324,1,2325,2,2326,1,2327,1,2328,2,2329,2,2330,2,2331,1
thi,2327,1
to,2324,2,2325,1,2328,1,2329,1
toronto,2323,1
trade,2326,2
tsx,2323,1
tuesday,2326,1
u,2330,1
unit,2323,1
vanguard,2328,1
vnq,2328,1
vo,2324,1
wakefield,2323,1
week,2326,1,2327,1
well-recognis,2331,1
what,2327,1
wit,2326,1
with,2328,1,2329,1,2331,1
