a,3510,1,3513,1,3514,1,3515,1,3516,1
advocaci,3509,1
after,3514,1,3515,1
album,3512,2
alchemi,3512,1
alreadi,3518,1
alum,3518,1
am,3513,1
america,3516,1
and,3509,1,3510,2,3511,2,3513,3,3516,1,3517,1
anti-kamala,3516,1
are,3510,1
as,3517,1,3518,1
at,3512,1,3517,1
ban,3516,1
bbc,3512,1
be,3510,1,3514,1,3515,1
beckro,3511,1
befor,3510,1
believ,3510,1
bigotri,3516,1
black,3516,1
bombshel,3518,1
bowi,3511,1
boyfrien,3513,1
brand,3509,1
bring,3518,1
c,3516,1
can,3510,1
caut,3514,1,3515,1
char,3509,1,3510,1,3511,1,3512,1,3513,1,3514,1,3515,1,3516,1,3517,1
citi,3517,1
civil,3516,1
colleg,3510,2,3513,1
come,3514,1,3515,1
commun,3517,1
competit,3518,1
confess,3510,1
continu,3517,1
crow,3516,1
custom,3509,1
d,3516,1
dad,3513,1
dath,3511,1
deal,3513,1
dire,3512,1
divorc,3513,1
dojeff,3511,1
ensur,3514,1,3515,1
entertain,3517,1
especi,3514,1,3515,1
ever,3510,1
feast,3514,1,3515,1
fight,3516,1
first,3514,1,3515,1
food,3514,1,3515,1
footbal,3510,2,3517,1
for,3517,1
free,3513,1
from,3511,1,3512,1
game,3517,1,3518,1
geni,3511,1
ha,3516,1
had,3513,1
have,3510,2
heat,3518,1
high,3517,1
histori,3516,1
i,3510,2,3513,4
import,3514,1,3515,1
in,3510,1,3513,2
injustic,3516,1
into,3510,1
involv,3510,1
is,3513,1,3514,1,3515,1,3518,1
island,3518,2
it,3514,1,3515,1,3516,1
jean,3511,1
jim,3516,1
k,3518,1
khz,3511,1
leftov,3514,1,3515,1
lewiston,3517,2
like,3514,1,3515,1
live,3512,2,3513,1
long,3516,1
lot,3513,1
love,3511,1,3518,2
luminari,3517,1
main,3517,1
make,3510,1
mar,3511,1
massiv,3514,1,3515,1
me,3511,1
meal,3514,1,3515,1
megan,3518,1
menthol,3516,1
mercuri,3512,1
messag,3517,1
met,3513,1
mom,3513,2
more,3510,1
most,3513,1
motion,3511,1
my,3513,4
n,3510,1
name,3516,1
need,3514,1,3515,1
new,3518,1
night,3512,1,3517,1
now,3510,1,3513,1
of,3509,1,3513,2,3514,2,3515,2,3516,1,3517,1
overcom,3516,1
own,3513,1
parlophon,3511,1
particularli,3514,1,3515,1
peacock,3518,1
pictur,3511,1
place,3513,1
play,3517,1
playoff,3510,1
popul,3516,1
prepar,3514,1,3515,1
problem,3513,1
rainbow,3512,1
ray,3511,1
record,3517,1
s,3516,2
safeti,3514,2,3515,2
school,3517,1
season,3510,1
segreg,3516,1
slaveri,3516,1
so,3513,1
spider,3511,1
spin-off,3518,1
sport,3517,1
stardust,3511,1
storytellin,3509,1
straitsth,3512,1
strategi,3509,1
support,3517,1
t,3517,1
team,3510,1
than,3510,1
thanksgiv,3514,1,3515,1
that,3510,1,3513,2,3517,1
the,3510,1,3511,2,3512,3,3514,2,3515,2,3516,1,3517,2,3518,4
theatr,3512,1
thi,3510,1
time,3513,1
to,3510,1,3514,2,3515,2,3518,2
two,3518,1
u,3518,1
utmost,3514,1,3515,1
video,3517,1
villa,3518,1
wa,3513,1
war,3516,1
washington,3516,1
we,3510,2,3514,2,3515,2
wednesday,3517,1
week,3510,1
welcom,3518,1
when,3513,1,3514,1,3515,1
which,3513,1
with,3513,2
year',3510,1
you,3516,1
youtubeth,3512,1
