:p,2430,1,2433,1,2437,1
a,2429,3,2430,1,2439,1
accord,2431,1,2432,1,2436,1,2437,1,2438,1
across,2439,1
after,2439,1
analyst,2429,1
are,2439,1
associ,2437,1
at,2429,1,2430,1
b,2430,1
banqu,2433,1
be,2439,1
boost,2432,1,2437,1,2438,1
bull,2435,1
buy,2429,1
by,2429,1,2431,1,2432,1,2433,1,2434,1,2435,1,2436,1,2437,1,2438,1
capit,2438,1
castl,2434,1
cci,2434,1
channel.com,2434,1,2435,1
char,2429,1,2430,1,2431,1,2432,1,2433,1,2434,1,2435,1,2436,1,2437,1,2438,1
china,2439,1
cie,2433,1
citi,2439,1
compani,2437,1
crown,2434,1
cut,2439,1
daili,2435,1
develop,2439,1
direxion,2435,1
disclosur,2436,1
downgrad,2429,1
downturn,2439,1
dure,2432,1,2433,1,2434,1,2435,1,2437,1,2438,1
earn,2430,1
equiti,2429,1,2430,1
estim,2430,1
evercor,2434,1
fa,2435,1
file,2431,1,2432,1,2437,1,2438,1
financi,2431,1,2435,1
firm,2435,1
for,2430,1,2439,1
form,2432,1
free,2429,1,2430,1,2431,1,2432,1,2433,1,2434,1,2435,1,2436,1,2437,1,2438,1
from,2429,1
fund,2433,1,2434,1
geo,2438,2
get,2429,1
give,2439,1
go-ahead,2439,1
group,2431,1,2436,1,2438,1
hodg,2438,1
hold,2431,1,2433,1,2434,1,2435,2,2437,1,2438,1
holdingschannel.com,2433,1
hous,2439,1
in,2429,1,2430,1,2431,2,2432,1,2433,1,2434,1,2435,1,2436,2,2437,2,2438,1,2439,1
inc,2433,1,2434,1,2436,1,2437,1,2438,2
increas,2433,1,2436,1
institut,2436,1
inv,2436,1
invest,2430,2,2436,1
issu,2429,1,2430,1
it,2431,2,2432,2,2433,1,2434,1,2435,1,2436,2,2437,2,2438,2
janney,2429,1
larson,2431,1
ld,2433,1,2437,1
lessen,2435,1
llc,2431,1,2432,1,2434,1,2435,1,2436,1
manag,2434,1,2438,1
montgomeri,2429,1
mortgag,2430,2
most,2431,1,2432,1,2436,1,2437,1,2438,1
mt,2430,1
neutral,2429,1
note,2429,1
nyse,2430,1,2433,1,2434,1,2436,1,2437,1,2438,1
nysearca,2431,1,2432,1,2435,1
o,2433,1
of,2431,1,2432,1,2433,1,2434,2,2438,1
on,2429,1,2430,1,2439,1
own,2433,1,2434,1,2435,1
pennymac,2430,2
pfg,2436,1
pictet,2433,1
price,2439,1
prolog,2433,1,2437,1
properti,2436,1
proshar,2431,1,2432,1
quarter,2431,1,2432,1,2433,1,2434,1,2435,1,2436,1,2437,1,2438,1
rais,2430,1,2431,1
rate,2429,2
real-est,2439,1
recent,2431,1,2432,1,2436,1,2437,1,2438,1
report,2429,1,2430,2,2431,1,2432,1,2433,2,2434,2,2435,2,2436,1,2437,1,2438,1
research,2429,2,2430,1
riley,2430,1
s,2431,1,2432,1
sa,2433,1
salley,2437,1
scott,2429,1
sd,2431,1
sec,2432,1,2436,1
second,2431,1,2433,1,2435,1
secur,2438,1
securiti,2437,1
share,2431,1,2432,1,2433,2,2434,2,2435,1,2438,1
simon,2436,1
simplex,2432,1,2435,1
smith,2437,1
spg,2436,1
src,2429,1
sso,2432,1
stake,2432,1,2434,1,2436,1
stuck,2439,1
the,2431,1,2432,2,2433,2,2434,2,2435,2,2436,3,2437,3,2438,3,2439,1
their,2430,1
thur,2429,1
to,2429,1,2431,1,2432,1,2436,1,2437,1,2438,1,2439,1
trade,2432,1,2435,1
trim,2434,1
trust,2430,2
tue,2430,1
two,2439,1
ultra,2432,1
ultrashort,2431,1
wa,2429,1
wealth,2434,1
with,2431,1,2432,1,2436,1,2437,1,2438,1
year,2439,1
