</li>,2617,1,2618,1
<li>,2617,2,2618,2
<ul>,2617,1,2618,1
a,2620,1,2623,1,2624,1,2625,1
activ,2620,1
adjust,2617,1,2618,1
affo,2617,1
after,2621,1
all,2623,1
alway,2623,1
an,2616,1
analyst,2619,1,2620,1,2621,1
and,2616,1,2617,1,2618,2,2620,1
announc,2619,2,2621,1,2622,1
are,2620,1
arizona,2622,1
avp,2616,1
bankcorp,2624,2
base,2620,1
be,2619,1,2621,1
befor,2619,1
boost,2624,1
broke,2616,1
by,2620,1
can,2620,1
capit,2622,1
cban,2624,1
char,2616,1,2617,1,2618,1,2619,1,2620,1,2621,1,2622,1,2623,1,2624,1
close,2621,1
coloni,2624,2
common,2617,1,2618,1
compani,2619,1,2622,1
con,2617,1
consolid,2617,1,2618,1
content,2620,1,2623,1
corp,2622,2
crypto,2620,1
da,2624,2
david,2624,1
davidson,2624,1
dilut,2617,1,2618,1
distribut,2616,1
due,2617,1,2618,1
earn,2619,2,2621,2,2624,1
ebitda,2617,1,2618,1
effect,2622,1
energi,2616,1
enterpris,2625,1
estim,2624,1
expect,2619,1,2621,1
fantast,2623,1
feast,2623,1
financi,2616,1,2619,1
for,2617,2,2618,2,2624,1
free,2619,1,2621,1,2624,1,2625,1
fuel,2620,1
gebrf,2622,1
get,2619,1,2621,1,2625,1
goodby,2623,1
grb,2622,1
greenbriar,2622,2
grew,2618,1
hard,2623,1
icahn,2625,1
iep,2625,1
in,2616,1,2620,2,2624,1
inc,2624,1
increas,2620,2
intervi,2616,1
is,2619,1,2622,1,2623,1
issu,2624,1
it,2616,1,2619,1,2621,1,2623,1
itaú,2621,2
item,2617,1,2618,1
itub,2621,1
l,2625,1
leav,2623,1
list,2623,1
litecoin,2620,1
long,2623,1
loss,2617,1,2618,1
ltc,2620,1
market,2619,1,2621,1
metal,2616,1
million,2617,1,2618,1
monday,2621,1
month,2623,1
motil,2616,1
nasdaq,2624,1,2625,1
net,2617,1,2618,1
netflix,2623,2
new,2623,1,2625,1
newsfil,2622,1
non-cash,2617,1,2618,1
novemb,2619,1,2621,1,2622,2,2623,1,2624,1
nyse,2619,1,2621,1
ocn,2619,1
ocwen,2619,1
of,2617,1,2618,1,2619,1,2620,1,2621,1,2623,2
on,2619,1,2620,1,2621,1,2623,1,2624,1
on-chain,2620,1
open,2619,1
or,2617,1,2618,1,2622,1
oswal,2616,1
otc,2622,1
outlook,2617,1
p,2625,1
per,2617,1,2618,1,2621,1,2624,1
phoenix,2622,1
pink,2622,1
pleas,2622,1
poddar,2616,1
post,2621,1
project,2620,1
quart,2618,1
quarter,2617,1,2618,1
reach,2625,1
reiter,2617,1
remain,2616,1
report,2619,1,2621,1,2624,2,2625,1
research,2616,1,2624,1
result,2619,1,2621,1
revenu,2617,1,2618,1
s,2623,1
say,2616,1,2623,1
schedul,2619,1
see,2620,1
serv,2623,1
services.in,2616,1
share,2617,1,2618,1,2621,1,2624,1,2625,1
signific,2620,1
sneha,2616,1
stream,2623,1
t,2623,1
tabl,2620,1
that,2620,1,2622,1
the,2617,1,2618,2,2619,2,2620,1,2621,1,2622,1,2623,1
their,2620,2,2623,1,2624,1
thi,2623,1
third,2617,1,2618,2
titl,2623,2
to,2617,1,2618,1,2619,2,2621,1,2622,1,2623,2
tsxv,2622,1
tuesday,2619,1
two,2620,1
unibanco,2621,2
up,2623,1
util,2616,1
uw,2616,1
valu,2620,1
vechain,2620,1
vet,2620,1
wednesday,2624,1
week,2625,1
while,2616,1,2623,1
will,2621,1
won,2623,1
you,2623,1
