:d,2398,1
a,2400,1
abrdn,2394,1,2395,1
accord,2391,1,2392,1,2393,1,2394,1,2396,1,2397,1,2398,1,2399,1
advis,2397,1
advisor,2396,1,2401,1
american,2397,1
amt,2397,1
and,2391,1,2400,1
anderson,2396,1,2401,1
ani,2400,1
atria,2392,1,2393,1
befor,2400,1
buckl,2400,1
build,2400,1
by,2391,1,2392,1,2393,1,2394,1,2395,1,2396,1,2397,1,2398,1,2399,1,2401,1
capit,2396,1,2398,1,2399,1,2401,1
carey,2392,1
castl,2401,1
cci,2401,1
char,2391,1,2392,1,2393,1,2394,1,2395,1,2396,1,2397,1,2398,1,2399,1,2400,1
co,2397,1
commiss,2391,1
compani,2393,1,2396,1,2398,1
corp,2398,1
crown,2401,1
digit,2398,1
disclosur,2392,1
dri,2400,1
dure,2392,1,2393,1,2398,1,2399,1,2401,1
eastgroup,2399,1
egp,2399,1
empir,2400,1
eqr,2391,1
estat,2395,1
excha,2392,1
exchang,2391,1,2394,1,2397,1
file,2391,1,2394,1,2396,1,2397,1,2398,1,2399,1
firm,2395,1
form,2393,1,2394,1
free,2391,1,2392,1,2393,1,2394,1,2395,1,2396,1,2397,1,2398,1,2399,1,2401,1
frenzi,2400,1
fund,2400,1
global,2400,1
group,2393,1
healthcar,2394,1
hold,2392,1,2394,1,2397,1
holdingschannel,2395,1
in,2391,1,2392,1,2393,2,2394,2,2395,2,2396,3,2397,2,2398,2,2399,1,2401,1
inc,2392,2,2393,2,2394,1,2395,1,2398,1,2399,1,2401,1
invest,2395,1,2397,1
investor,2394,1
it,2391,1,2392,2,2393,2,2394,2,2395,1,2396,2,2397,2,2398,2,2399,2,2400,1,2401,1
kayn,2396,1,2401,1
lay,2400,1
lift,2395,1
llc,2397,1
lower,2397,1,2401,1
lp,2396,1,2399,1,2401,1
lr,2398,1
manag,2399,1
more,2400,1
most,2391,1,2392,1,2393,1,2394,1,2396,1,2397,1,2398,1,2399,1
nyse,2392,1,2393,1,2394,1,2395,1,2396,1,2397,1,2398,1,2399,1,2401,1
of,2393,1,2395,1,2396,1,2398,1,2399,1,2400,1,2401,1
off,2400,1
ohi,2394,1
omega,2394,1
other,2400,1
own,2395,1
p,2392,1
park,2398,1
place,2398,1
plc,2394,1,2395,1
posit,2393,1,2395,1
properti,2393,1,2399,1
quantinno,2399,1
quarter,2391,1,2392,1,2393,1,2394,1,2395,1,2396,1,2397,1,2398,1,2399,1
rais,2392,1,2394,1,2399,1
ran,2400,1
real,2395,1
real-est,2400,1
realti,2398,1
recent,2391,1,2392,1,2393,1,2394,1,2396,1,2397,1,2398,1,2399,1
reduc,2393,1,2398,1
report,2391,1,2392,1,2393,1,2394,1,2395,2,2396,1,2397,1,2398,1,2399,1,2401,1
rode,2400,1
s,2395,1,2400,1
sec,2399,1
second,2392,1,2393,1,2395,1,2396,1,2397,1,2401,1
secur,2391,1,2392,1,2394,1,2397,1
share,2393,1,2395,1,2396,1,2398,1,2399,1,2401,1
simon,2393,1
solut,2392,1,2393,1
spg,2393,1
stake,2396,1,2398,1,2399,1,2401,1
startup,2400,1
stock,2395,1
t,2399,1
th,2391,1
than,2400,1
the,2391,2,2392,2,2393,2,2394,2,2395,3,2396,3,2397,2,2398,2,2399,2,2400,2,2401,1
thousand,2400,1
to,2391,1,2392,1,2393,1,2394,1,2396,1,2397,1,2398,1,2399,1
tower,2397,1
trim,2396,1
trust,2395,1,2398,1
u,2400,1
udr,2395,2
under,2400,1
venture-capit,2400,1
w,2392,1
wave,2400,1
wealth,2392,1,2393,1
wework,2400,1
weyerhaeus,2396,1
when,2400,1
with,2391,1,2392,1,2394,1,2396,1,2397,1,2398,1,2399,1
worth,2400,1
wpc,2392,1
wy,2396,1
