a,4822,1,4825,2,4826,2,4827,1,4828,1,4829,2,4830,2,4831,1
ago,4830,1
all,4829,1
alpin,4829,1
amg,4823,1,4826,1
and,4822,1,4823,1,4824,1,4825,1,4826,1,4827,1,4828,2,4829,1,4830,1
antarctica,4822,1
approxim,4830,1
arctic,4828,1
are,4830,1
articl,4822,1
assembl,4825,1
automat,4826,1,4830,1
azur,4827,1
badg,4827,1
be,4822,1,4823,1
beach,4827,1
been,4826,1
beig,4824,1
between,4828,1
blue,4824,1
blue-black,4823,1
bmw,4829,1
by,4822,2,4823,1,4825,2,4826,1,4829,1,4830,1
cabriolet,4824,1
california,4826,1
cant,4822,1
carolina,4824,1
carrera,4824,1,4830,1
char,4822,1,4823,1,4824,1,4825,1,4826,1,4827,1,4828,1,4829,1,4830,1
charlott,4824,1
chevrolet,4825,1
claim,4822,1
climater,4822,1
cnn,4822,1
coup,4830,1
crate,4825,1
dark,4828,1
deliv,4823,1,4824,1
deviat,4824,1
drive,4829,1
driven,4830,1
due,4822,1
ecru,4827,1
edit,4827,1
edition-specif,4827,1
engin,4825,1
essay,4822,1
exampl,4827,1,4828,1
f,4831,1
factori,4825,1
finish,4823,1,4826,1,4827,1,4829,1
five,4825,1
five-spe,4830,1
flat-six,4830,1
for,4827,1,4828,1
ford,4831,1
four,4829,1
full,4824,1
gearstar,4825,1
germani,4823,1
global,4822,1
green,4826,1
grey,4828,1
ha,4826,1
hendrick,4824,1
hot,4825,1
human-caus,4822,1
i,4829,1
import,4823,1
in,4823,2,4824,2,4825,1,4826,2,4827,1,4828,1,4829,1
initi,4823,1
inline-six,4829,1
insi,4827,1
instal,4830,1
interior,4828,1
is,4822,1,4825,1,4826,1,4827,2,4828,1,4829,2,4830,1,4831,1
it,4823,1,4824,1,4828,1,4829,1
jade,4826,1
just,4828,1
leather,4824,1,4827,1,4828,1,4829,1
lexu,4827,1
link,4825,1
linnea,4822,1
liter,4825,1,4826,1,4829,1,4830,1
lueken,4822,1
m,4823,1
manual,4829,1
market,4828,1
melt,4822,1
mercedes-benz,4823,1,4826,1
metal,4824,1,4826,1,4828,1
model,4827,1
modifi,4823,1
montana,4829,1
natur,4828,1
new,4823,1,4824,1,4826,1
north,4824,1
ocean,4824,1
of,4827,1,4828,1
on,4822,1
one,4827,1,4828,1
origin,4822,1
ov,4826,1
over,4824,1,4827,1,4828,2,4829,1
pair,4826,1
pearl,4827,1
pebbl,4827,1
perform,4825,2
porsch,4824,2,4828,1,4830,1
post,4822,1
power,4825,1,4826,1,4829,1,4830,1
produc,4827,1,4828,1
publish,4822,1
r,4831,1
race,4825,1
rapidli,4822,1
raptor,4831,1
rear,4830,1
recent,4822,1
regist,4823,1,4826,1
remain,4823,1
replac,4830,1
report,4827,1
reportedli,4823,1
rod,4825,1
savannah,4824,1
seller,4825,1
seven-spe,4826,1
silver,4828,1
sinc,4826,1
six-spe,4829,1
specifi,4824,1,4828,1
start,4825,1
stop,4822,1
supercrew,4831,1
terracotta,4829,1
that,4822,1,4829,1,4830,1
the,4823,1,4825,1,4827,1,4828,1,4830,1
thi,4823,1,4824,1,4825,1,4826,1,4827,1,4828,1,4829,1,4830,1,4831,1
through,4829,1,4830,1
to,4822,1,4823,2,4824,1
tra,4830,1
transmiss,4826,1,4829,1
truck,4825,1
until,4823,1
upho,4829,1
upholsteri,4827,1
us,4823,1,4828,1
w,4822,1,4828,1
wa,4823,1,4824,2,4825,1,4828,1,4830,1
wagon,4826,1
western,4822,1
wheel,4829,1,4830,1
when,4823,1
where,4823,1
white,4829,1
with,4824,1,4825,1,4826,1,4827,1
year,4827,1,4830,1
