:p,2419,1
a,2413,1,2414,1,2415,1
accord,2411,1,2417,1,2419,1
almost,2410,1
analyst,2413,1
and,2413,1,2415,1
announc,2414,1
appet,2415,1
as,2415,1
asset,2411,1
associ,2414,2
at,2413,1,2418,1
avalonbay,2417,1
avb,2417,1
banker,2412,1
barclay,2417,1
bob,2414,1
boost,2412,1
by,2411,1,2412,1,2416,1,2417,1,2419,1
camden,2411,1
capit,2416,1
channel.com,2412,1
char,2410,1,2411,1,2412,1,2413,1,2414,1,2415,1,2416,1,2417,1,2418,1,2419,1
chief,2414,1
cibc,2420,1
civil,2418,1
client,2413,1
co,2412,1
commun,2417,1
compani,2411,1,2417,1,2419,1
corp,2420,1
cours,2415,1
cpt,2411,1
cube,2416,1
cubesmart,2416,1
cullen,2412,1
cut,2413,1,2416,1,2420,1
decreas,2419,1
dem,2410,1
dessert,2415,1
disclosur,2411,1
document,2418,1
donald,2418,2
down,2414,1
ds,2411,1
dure,2411,1,2412,1,2419,1
earn,2413,1
end,2415,1
estim,2413,1
execut,2414,1
extra,2420,1
father,2418,1
favourit,2415,1
feder,2414,1
file,2417,1,2419,1
financi,2418,1
for,2413,1
form,2417,1
former,2418,1
fraud,2418,1
free,2411,1,2412,1,2413,1,2416,1,2417,1,2419,1
frost,2412,1
go,2415,1
goldberg,2414,1
have,2415,1
he,2418,1
heart,2418,1
hi,2418,1
hold,2411,1,2412,1,2417,1
holdingschannel,2416,1
imagin,2415,1
in,2411,1,2412,1,2413,1,2415,1,2416,2,2417,3,2419,2,2420,1
inc,2412,1,2413,1,2417,1,2420,1
incom,2412,1
increas,2417,1
institut,2412,1,2416,1
invest,2415,1,2419,1
investor,2412,1,2413,1,2416,1
is,2414,1
issu,2413,1
it,2411,2,2412,1,2416,1,2417,2,2419,2,2420,1
jr,2418,1
largest,2414,1
life,2419,1
lift,2411,1
llc,2419,1
lp,2416,1
ltd,2411,1
main,2415,1
manag,2411,1,2416,1,2419,1
market,2420,1
meal,2415,2
mitsui,2411,1
most,2411,1,2417,1,2419,1
nation,2414,2
never,2418,1
new,2419,1
nonexist,2410,1
now,2415,1,2418,1
nyse,2411,1,2412,1,2413,1,2416,1,2417,1,2419,1,2420,1
o,2412,2,2416,1
of,2413,1,2414,2,2415,1,2416,1,2418,1,2419,1,2420,1
offic,2414,1
on,2418,1
organ,2414,1
own,2412,1,2416,1
per,2413,1
plc,2417,1
portfolio,2415,1
posit,2416,1,2420,1
presid,2418,1
properti,2411,1
public,2419,1
quantinno,2416,1
quarter,2411,1,2412,1,2416,1,2417,1,2419,1
re,2418,1
realti,2412,1
realtor,2414,1
recent,2411,1,2417,1,2419,1
redwood,2413,2
report,2411,1,2412,2,2413,2,2416,2,2417,1,2419,1
research,2413,1
restaur,2415,1
rwt,2413,1
sa,2419,1
second,2417,1
securi,2417,1
share,2412,1,2413,2,2416,2,2419,1,2420,1
some,2415,1
space,2420,1
stake,2412,1,2419,1
start,2415,1
statement,2418,1
step,2414,1
stock,2413,1
storag,2419,1,2420,1
sumitomo,2411,1
testifi,2418,1
thank,2410,1
that,2418,2
the,2411,2,2412,2,2414,3,2415,2,2416,2,2417,3,2418,3,2419,2
their,2413,1
then,2415,1
thi,2414,1,2415,1
think,2415,1
threaten,2418,1
thursday.earli,2414,1
to,2410,1,2411,1,2413,1,2415,1,2417,1,2419,1
trade,2414,1
trial,2418,1
trump,2418,2
trust,2411,1,2413,2
wedbush,2413,1
wednesday,2418,1
week,2414,1
with,2411,1,2415,2,2417,1
wonder,2415,1
work,2418,1
world,2420,1
york,2419,1
you,2415,1
your,2415,2
