a,4643,1,4644,1,4645,1,4646,1,4647,2,4648,1,4649,1
addison,4644,2
address,4648,1
against,4649,1
also,4647,1
and,4643,1,4646,1,4649,2
anoth,4649,1
appear,4642,1
appreci,4645,1
are,4646,1
as,4642,2,4645,2,4646,1,4647,1
at,4643,1,4646,2,4647,1
australian,4649,1
back,4642,1
been,4643,2,4645,1,4647,1,4648,1
bench,4643,1
better,4646,1
beyond,4646,1
biggest,4648,1
builder',4648,1
but,4644,1,4646,1
bye,4650,1
cardin,4643,1
catch,4644,2
certainli,4646,1
char,4642,1,4643,1,4644,1,4645,1,4646,1,4647,1,4648,1,4649,1
citi,4648,2
clean,4649,1
cluster,4645,1
command,4646,1
corey,4647,1
could,4645,1
day,4643,1,4646,1
deadlin,4646,1
deal,4646,1
debut,4645,1
didnt,4644,1
do,4643,1
dobb,4643,2
doesn't,4648,1
effort,4645,1
emerg,4649,1
enco,4649,1
et,4645,1
few,4643,1
first,4644,1
flag,4646,1
footbal,4645,1
for,4642,1,4643,1,4644,2,4646,1,4647,2,4648,1
four,4644,1,4647,1
franchis,4646,1
from,4649,1
gallen,4642,1
game,4644,1,4645,1,4648,1
goal,4649,1
ha,4648,1
had,4643,1,4644,1,4645,1,4647,2
have,4643,1,4644,1,4645,1,4646,1,4650,1
he,4643,1,4644,1,4647,1
head,4642,1
held,4642,1
hi,4645,1
highlight,4649,1
hitless,4642,1
in,4642,1,4643,1,4644,1,4647,1
inning,4642,1
iran,4649,1
issu,4648,1
it,4642,1,4648,1
it',4648,1
jordan,4644,1
josh,4643,1
just,4647,2
last,4643,2
learn,4643,1
levi,4645,1
like,4648,1
lion,4650,1
look,4646,1
loss,4643,1,4647,1
m,4645,1
made,4644,1
may,4646,1
melbourn,4649,1
member,4647,1
might,4642,1
monday,4643,1
much,4642,1
name,4647,1
need,4648,1
next,4644,1
night,4642,1
not,4646,1
octob,4644,1
of,4642,1,4644,1,4645,1,4647,1,4649,1
olymp,4649,1
on,4643,1,4645,1,4646,1
outing,4644,1
over,4644,1
overhaul,4648,1
p,4645,1
patch,4648,1
perform,4648,1
philippin,4649,1
qualifi,4649,1
quarterback,4643,2,4645,1
quiet,4644,1
rais,4646,1
ranger,4642,1,4647,1
raven,4643,1
receiv,4644,1
reel,4649,1
releas,4648,1
rooki,4644,1
seager,4647,1
season,4646,1
second,4647,1
seri,4642,1,4647,2
sever,4648,1
sheet,4649,1
shortstop,4647,1
signal,4646,1
six,4642,1
skylin,4648,1
soccer,4649,1
sooth,4648,1
sound,4648,1
star,4647,1
start,4643,1
stellar,4645,1
sunday,4643,1,4645,1
taiwan,4649,1
team,4644,1,4649,1
texa,4642,1,4647,1
that,4643,1,4644,1,4646,1
the,4642,2,4643,2,4644,2,4645,2,4646,3,4647,4,4648,3,4649,1,4650,1
their,4646,1,4650,1
then,4643,1
they,4645,1,4646,2
thi,4650,1
though,4642,1,4648,1
three,4649,2
time,4647,1
titan,4645,1
to,4642,1,4643,1,4648,1
today,4648,1
tonight,4645,1
trade,4646,1
tuck,4645,1
up,4644,1
vike,4644,1
w,4645,1
wa,4647,1
wednesday,4642,1
week,4644,1
werent,4645,1
whirlwind,4643,1
white,4646,1
wide,4644,1
will,4645,1
win,4649,1
with,4648,1,4649,1
within,4645,1
women',4649,1
won,4647,1
word,4647,1
world,4642,1,4645,1,4647,2
yard,4644,1
year,4647,1
zac,4642,1
