<li>,2727,1,2728,1,2729,1,2731,1,2732,1
<ul>,2727,1,2728,1,2729,1,2731,1,2732,1
a,2727,1,2728,1,2730,1,2732,1,2734,1,2735,1
abov,2733,1
accompani,2733,1
accord,2730,1
an,2728,1
and,2728,1,2731,1,2734,1,2735,1,2736,1
angel,2733,1
announc,2733,2,2734,1
artist,2732,2
as,2730,1
aspir,2731,1
at,2733,1
auto,2731,1,2733,1,2735,1
automot,2734,2
b,2732,1
been,2727,1,2732,1
big,2729,1,2731,1
borla,2728,1
brand,2734,1
bring,2734,1
buy,2727,1
by,2727,1
car,2727,1,2734,1
carrel,2729,1
char,2727,1,2728,1,2729,1,2730,1,2731,1,2732,1,2733,1,2734,1,2735,1
chronicl,2731,1,2735,1
cnbc,2729,1
combust,2730,1
compani,2728,1
complet,2727,1
confirm,2732,1
contenttyp,2736,1
counterparts.scott,2728,1
day,2730,1
dead,2732,1
debut,2733,1
due,2729,1
econom,2729,1
eisman,2729,2
electr,2728,1
electron,2734,1
engin,2728,1,2730,1
enter,2736,1
exhaust,2728,1
exist,2733,1
f,2728,1
factor,2727,1
fed,2729,1
ferrari,2730,1
fifty-on,2730,1
film.getti,2729,1
financi,2730,1
for,2731,1,2734,1
ford',2728,1
francisco,2731,1,2735,1
futur,2734,1
gasoline-pow,2728,1
genesi,2734,1
german-isra,2732,2
getti,2727,1,2728,1,2731,2,2735,2
group,2734,1
h,2735,1
ha,2727,1,2728,1,2729,1,2731,2,2734,1,2735,1
have,2730,1,2732,1
head,2735,1
hike,2729,1
hit,2736,1
hybrid-pow,2730,1
hyundai,2734,2
i,2727,1,2731,1
imag,2727,1,2729,1,2731,2,2733,1,2735,2
in,2729,1,2730,1
instagram,2732,1
interfac,2734,1
intern,2730,1
into,2734,1
is,2735,1
it,2728,1,2729,1,2730,1,2731,2,2733,2,2734,1,2735,2
it',2728,1
jami,2729,1
kia,2734,1
kidnap,2732,1
later,2733,1
lg,2734,1
lightn,2728,1
like,2729,1
lo,2733,1
louk,2732,2
macor,2731,1,2735,1
maranello,2730,1
mccarthi,2729,1
mean,2728,1
michael,2731,1,2735,2
month,2733,1
motor,2728,1,2734,1
namepl,2733,1
new,2734,1
not,2728,1
now,2728,1
number,2727,1
o,2730,1
octob,2732,1
of,2727,1,2730,1,2733,3,2735,1
offici,2730,1
olson,2728,1
on,2731,1,2732,1,2735,1
one,2733,1
out,2735,1
over,2730,1
own,2729,1,2734,1
partnership,2734,1
paus,2729,1
percent,2730,1
portray,2729,1
purchas,2736,1
quieter,2728,1
rate,2729,1
redesign,2733,1
said,2731,1,2735,1
sale,2730,1
san,2731,1,2735,1
search,2736,1
sell,2728,1
set,2731,1,2735,1
shani,2732,2
shanukkk,2732,1
short,2729,1
show,2733,1
sight,2731,1,2735,1
skip,2736,1
steve,2729,3
subaru,2733,1
swensen,2731,1,2735,1
system,2728,1
taken,2730,1
tattoo,2732,2
teaser,2733,1
tesla,2735,1
tesla.michael,2731,1
than,2728,1
that,2728,1,2733,1
the,2729,2,2730,1,2731,4,2733,4,2734,2,2735,3
thi,2733,1
those,2730,1
thought,2732,1
thursday,2733,1
time,2730,1
to,2729,1,2730,1,2732,1,2734,1,2736,1
told,2729,1
tradit,2730,1
truck,2728,1
uaw,2731,2,2735,1
uncertainti,2729,1
union,2731,1,2735,1
unit,2735,1
upend,2727,1
via,2731,1,2735,1
wa,2732,3,2733,1
webo,2734,1
weird,2730,1
when,2736,1
which,2734,1
who,2732,1
will,2733,1
with,2730,1,2734,1
worker,2735,1
you,2736,1
your,2736,1
