a,1336,1,1337,1,1338,2,1341,2
admit,1335,1,1341,1
after,1338,1
agre,1335,1
ala,1336,1
alabama,1335,1
alreadi,1337,1
also,1337,1
an,1338,1
and,1335,2,1340,1
ap,1336,1
are,1337,1,1338,1
aruba,1335,1,1339,1,1341,1
as,1336,1
back,1339,1,1341,1
be,1337,1,1341,1
been,1340,1
bike,1340,2
birmingham,1335,1,1336,1
boat,1338,1
bron,1340,1
bust,1334,1
but,1337,1
by,1338,1,1340,1
ca,1334,1
can,1340,1
captur,1340,1
char,1334,1,1335,1,1336,1,1337,1,1338,1,1339,1,1340,1,1341,1
charg,1335,1,1336,1
chief,1335,1,1336,1
china,1338,1
citizen,1341,1
co,1337,1
coast,1338,1
commencalkilian,1340,1
commerci,1338,1
confess,1339,1
conmebol,1337,1
convict,1339,1
crew,1338,1
cup,1337,1
dead,1338,1
deal,1336,1
delay,1339,1
der,1339,1
disappear,1335,1,1336,1
dispos,1335,1
disput,1338,1
due,1339,1
dutch,1341,1
earth,1340,1
eleven,1338,1
explor,1340,1
exto,1335,1
extort,1336,1
extrad,1339,1
extradit,1339,1
first,1337,1
fish,1338,1
for,1337,1,1340,1,1341,1
formal,1342,1
from,1336,1,1341,1
full,1337,1
global,1337,1
guard,1338,1
guilti,1335,1
ha,1335,1,1342,1
had,1336,1
happen,1336,1
he,1335,2,1336,1,1341,1
he',1340,1
her,1335,2,1336,1
hi,1339,2,1340,1
holloway,1336,2,1339,1,1341,1
holloway',1335,1
in,1335,2,1336,1,1337,1,1338,1,1339,2,1341,2,1342,1
is,1337,1,1341,1
issu,1339,1
j,1340,1
joran,1339,1
kill,1335,1,1341,1
killer,1339,1
lima,1341,1
long,1337,1
love,1340,1
massiv,1334,1
may,1337,1
mechan,1339,1
member,1338,1
money,1336,1
more,1334,1
most,1337,1,1340,2
mother,1336,1
murder,1339,1
natale,1335,1,1336,1,1339,1,1341,1
nation,1338,1
of,1334,1,1335,1,1336,2,1337,1,1339,1,1340,1
off,1337,1,1338,1
on,1336,1,1340,1
one,1337,1
or,1340,1
out,1341,1
outstand,1340,1
paddington,1342,2
part,1336,1
peopl,1338,1
peru,1339,1,1341,2,1342,1
philippin,1338,1
place,1340,1
plane,1339,1
planet,1340,1
plea,1336,1
plead,1335,1
process,1337,1
qualif,1337,1
qualifi,1337,1
raid,1334,1
ram,1338,1
reach,1340,1
receiv,1342,1
recent,1341,1
region,1337,1
releas,1334,1
remain,1335,1
s,1341,1
said,1338,1
say,1336,1
sea,1338,1
sent,1341,1
sentenc,1341,1
serv,1341,1
shoal,1338,1
sloot,1339,1
south,1338,1
spot,1340,1
start,1337,1
state,1341,1
still,1337,1
student,1341,1
suspect,1335,1,1336,1
swing,1337,1
than,1334,1
the,1334,1,1335,1,1336,2,1337,4,1338,1,1339,2,1340,3,1341,1
they,1334,1
three,1338,1
titl,1342,1
to,1335,3,1336,3,1337,1,1339,3,1340,1,1341,2
tournament,1337,1
travel,1340,1
tri,1335,1,1336,1
u,1341,1
unidentifi,1338,1
uniqu,1340,1
unit,1341,1
van,1339,1
vessel,1338,1
video,1334,1
wa,1338,1,1339,1
water,1338,1
way,1337,1
were,1334,1
what,1336,1
where,1341,1
who,1339,1,1341,1
will,1341,1
with,1339,1
word,1340,1
world,1337,1
year,1340,1
you,1340,1
