a,4601,3,4602,1,4603,3,4605,1,4607,1
abl,4606,1
agreement,4601,1
aka,4600,1
all-big,4602,1,4605,1
alo,4606,1
alreadi,4607,1
also,4606,1
an,4606,1
and,4599,1,4601,1,4607,1
announc,4606,1
anya,4606,1
are,4603,1
ariz,4608,1
around,4603,1
as,4606,1
back,4601,1
ballad,4599,1
bandai,4606,1
batch,4600,1
be,4600,1,4603,1,4606,1
between,4601,1
book,4607,1
buckey,4602,1,4605,1
but,4601,1
buzz,4603,1
c,4600,1
canadian,4600,1
char,4599,1,4600,1,4601,1,4602,1,4603,1,4605,1,4606,1,4607,1
christma,4600,1
colleg,4602,1,4605,1
comedi,4600,1
committe,4602,1,4605,1
conclud,4600,1
content,4606,1
contract,4601,1
control,4603,1
dash,4607,1
day,4600,1,4607,1
deadlin,4607,1
deal,4601,1
dec,4600,1
delux,4606,1
digit,4606,1
drop,4600,1
edit,4606,1
eight,4607,1
episod,4600,1
exclus,4601,1
far,4602,1,4605,1
film,4599,1
first-team,4602,1,4605,1
follow,4600,1
footbal,4602,1,4605,1,4607,1
for,4601,2,4608,1
framework,4601,1
friday,4607,1
game,4604,2,4607,1
gamingbolt,4604,1
gaug,4603,1
good,4603,1
ha,4606,1
harriso,4602,1,4605,1
have,4606,1,4607,1
hear,4601,1
home,4607,1
how,4606,1
huge,4602,1,4605,1
idea,4606,1
in,4601,3,4602,1,4605,1,4606,1,4607,2
includ,4603,1
index,4603,1
initi,4602,1,4605,1
is,4601,1,4603,1,4607,1
it,4599,1,4600,2,4602,1,4603,2,4605,1
it',4607,1
jam-pack,4607,1
la,4607,1
last,4600,1
leagu,4603,1
letterkenni,4600,1
list,4603,1
ll,4606,1
mad,4607,1
mark,4607,1
marvin,4602,1,4605,1
may,4603,1
mean,4603,1
memori,4606,1
minigam,4606,1
mirror,4607,1
monday,4600,1
movement,4601,1
namco,4606,1
negot,4601,1
new,4601,1
next,4600,1
nhl,4603,1
nintendo,4604,1
no,4601,1,4602,1,4605,1
not,4603,1
now,4606,1,4607,1
of,4599,1,4600,1,4602,1,4603,1,4605,1,4606,2,4607,2
ohio,4602,1,4605,1
on,4600,1,4603,1
oper,4606,1
part,4602,1,4605,1
pass,4604,1
place,4601,1
play,4606,1
player,4603,2
playoff,4602,1,4605,1
potenti,4601,1
power,4603,1
prequel,4599,1
rank,4602,1,4605,1
real,4601,1
rearview,4607,1
receiv,4602,1,4605,1
rpg,4604,1
s,4600,1,4601,1
sag-aftra,4601,1
season,4600,1,4602,1,4605,1
select,4602,1,4605,1
seri,4600,1,4604,1
servic,4600,1
shiro,4604,2
six,4600,1
slot,4602,1,4605,1
snake,4599,1
so,4602,1,4605,1
some,4606,1
songbird,4599,1
spi,4606,1
star,4603,1
state,4602,1,4605,1
stream,4600,1
studio,4601,1
substanti,4603,1
switch,4604,1
talk,4601,1
temp,4608,1
ten,4602,1,4605,1
that,4606,1
the,4599,1,4600,1,4601,1,4602,2,4603,3,4605,2,4606,3,4607,5,4608,1
there,4601,1
thi,4603,1
thing,4603,1
three-year,4601,1
to,4603,1,4606,2,4607,1
trade,4607,1
unlimit,4604,1
until,4607,1
vega,4607,1
wartal,4604,2
we,4601,1,4606,1,4607,1
week,4607,1
weekli,4603,1
welcom,4603,1
when,4603,1
which,4600,1
who,4603,1
wide,4602,1,4605,1
will,4600,2
window,4604,1
work,4606,1
x,4606,1
xbox,4604,2
yet,4601,1
you,4606,1
