a,2368,1,2370,1,2372,1,2373,1,2374,1,2375,1
actual,2371,1
ad,2374,1
airde,2370,1
alway,2367,1
and,2367,1,2368,1,2369,1,2372,1,2373,1
ani,2369,1
at,2371,1
attract,2368,1
back,2371,1
been,2367,1,2368,1,2369,1
between,2369,1
bollywood,2368,1
bulli,2374,1
but,2375,1
cab,2370,1
campaign,2374,1
cano,2367,1
chang,2372,1,2373,1
chapelizod,2367,1
char,2366,1,2367,1,2368,1,2369,1,2370,1,2371,1,2372,1,2373,1,2374,1
ciaran,2367,1
compris,2368,1
comput,2371,1
convent,2368,1
corpor,2374,1
courthous,2371,1
cubicl,2371,1
decad,2368,1
discrep,2369,1
district,2371,1
document,2369,2
donald,2366,1
dublin,2367,1
due,2372,1,2373,1
earn,2372,1,2373,1
eften,2372,2,2373,2
end,2374,1
entranc,2371,1
estat,2368,1,2370,1
euro,2372,2,2373,2
event,2369,1
feder,2374,1
feel,2375,1
florida,2370,1
focus,2370,1
for,2368,1,2369,1
friend,2367,1
from,2367,1,2369,1
fund,2372,1,2373,1
globe,2370,1
gp,2375,1
grown,2367,1
ha,2367,1,2368,1,2369,1
had,2374,1,2375,2
have,2367,1
he,2371,1,2375,2
hi,2367,1,2371,2,2375,1
home,2370,2
hope,2374,1
in,2367,3,2368,1,2369,1,2370,1,2372,3,2373,3
index,2374,1
indian,2368,1
industrialist,2368,1
into,2366,1
investor,2368,2
is,2368,1,2370,1,2371,1
it,2370,1,2374,1
jacksonvil,2370,1
japanes,2369,2
jr,2366,1
key,2375,1
late,2368,1
lead,2370,1
lee,2371,1
life,2367,1
liffey,2367,1
list,2370,1,2372,1,2373,1
london,2368,1
loss,2372,2,2373,2
love,2367,1
maguir,2367,2
main,2374,1
market,2368,2,2372,1,2373,1
matthew,2371,1
monitor,2371,1
month,2372,1,2373,1
neigh,2367,1
net,2372,1,2373,1
new,2371,1
newest,2370,1
newswir,2370,1
no,2375,1
note,2369,1
nov,2370,1
of,2367,2,2368,1,2369,1,2371,2,2372,3,2373,3,2374,2
on,2366,1,2370,1,2374,2
onli,2369,1
origin,2369,3
part,2367,1
peopl,2367,1
platform,2370,1
point,2375,1
prefer,2371,1
present,2370,1
press,2371,1
properti,2372,1,2373,1
purpos,2369,1
quarter,2372,1,2373,1
raft,2374,1
ralli,2374,1
re,2372,1,2373,1
reach,2374,1
real,2368,1,2370,1
refer,2369,1
research,2370,1
reserv,2374,1
river,2367,1
room,2371,1
russel,2371,1
s,2374,1
samuel,2375,1
see,2375,1
shift,2368,1
shooter,2375,1
someth,2375,1
southern,2371,1
special,2370,1
stand,2366,1
star,2368,1
stare,2371,1
station,2371,1
step,2366,1
stock,2374,1
street',2374,1
studi,2370,1
symptom,2375,1
term,2368,1
that,2374,1
the,2366,1,2367,2,2368,1,2369,4,2371,2,2372,3,2373,3,2374,3
their,2367,1
thi,2369,2,2371,1
thousand,2372,2,2373,2
three,2371,1
thrill,2370,1
thursday,2374,1
tighten,2374,1
to,2370,1,2371,2,2372,1,2373,1,2374,1,2375,1
translat,2369,2
trump,2366,1
turn,2371,1
u,2374,1
unit,2372,1,2373,1
up,2367,1
upbeat,2374,1
updat,2374,1
valley,2367,1
valu,2372,1,2373,1
w,2371,1
wa,2372,1,2373,1,2375,1
wall,2374,1
watch,2367,1
wedn,2366,1
went,2375,1
west,2367,1
when,2375,1
while,2368,1,2374,1
wit,2366,1,2368,1
wrong,2375,1
york,2371,1
