a,2573,1,2575,1,2576,1,2577,1,2580,4,2582,1
accord,2573,1,2574,1,2575,1,2576,1,2581,1
achiev,2577,1
acqu,2577,1
acquir,2575,1
adjust,2577,1
advisor,2574,1,2581,1
agreement,2577,1
an,2579,1
and,2573,1,2577,1,2578,1,2579,2
anderson,2581,1
are,2580,1
as,2580,1
away,2579,1
bancorp,2576,1
be,2580,1
bn,2575,1,2581,1
bought,2576,1,2582,1
brookfield,2575,1,2581,1
buffi,2579,1
by,2574,1,2581,1
can,2580,1
capit,2576,1,2581,1,2582,1
cbc,2579,2
center,2577,1,2578,1
char,2572,1,2573,1,2574,1,2575,1,2576,1,2577,1,2578,1,2579,1,2580,1,2581,1
choreo,2573,1
cibc,2575,1
citi,2580,2
co,2575,1,2581,1
compani,2575,1,2576,1,2578,1
continu,2580,1
corp,2575,1
corpor,2578,1
data,2577,1
date,2577,1
did,2579,1
disclosur,2575,1,2576,1
do,2579,1
documentari,2579,1
dunlop,2573,1
dure,2573,1,2574,1
ebitda,2577,1
end,2578,1
estat,2579,1
exch,2573,1
fifth,2579,1
file,2573,1,2574,1,2581,1
financi,2578,1
fir,2575,1
firm,2581,1
fla,2578,1
for,2577,1,2578,1,2580,1
form,2573,1,2574,1
found,2580,1
free,2573,1,2574,1,2575,1,2576,1,2581,1
fund,2574,1
globe,2578,1
hodg,2582,1
hold,2574,1,2581,1
home,2580,3
how,2579,1
howev,2580,1
ident,2579,1
imposs,2579,1
in,2573,1,2574,1,2575,3,2576,3,2577,1,2579,1,2580,1,2581,2,2582,1
inc,2573,1,2574,1,2576,1,2582,1
incom,2577,1
increas,2574,1
indigen,2579,1
it,2573,1,2574,2,2575,1,2576,1,2579,2,2581,2
jacksonvil,2578,1
kayn,2581,1
leas,2577,1
lessen,2581,1
like,2580,1
llc,2573,1,2574,1,2576,1
look,2579,1
lp,2581,1
major,2580,2
manag,2582,1
market,2575,1
megawatt,2577,2
might,2580,1
million,2577,1
more,2580,1
most,2573,1,2574,1,2575,1,2576,1,2581,1
mtn,2574,1
myth,2580,1
nasdaq,2576,1,2578,1
nbt,2576,1
nbtb,2576,1
net,2577,1
new,2573,1,2575,1,2576,1,2582,1
newswir,2578,1
nov,2578,1
nyse,2573,1,2574,1,2575,1,2581,1
of,2573,1,2575,1,2576,1,2577,2,2582,1
on,2579,1
onc,2579,1
oper,2578,1
or,2578,1
own,2574,1,2581,1
parallel,2574,1
period,2578,1
posit,2573,1,2575,1,2576,1
price,2580,1
purchas,2573,1
quarter,2573,1,2574,1,2575,1,2576,1,2581,1
quarterli,2577,1
question,2579,1
realiti,2580,1
recent,2573,1,2574,1,2575,1,2576,1,2581,1
record,2577,1
reg,2578,1
regenc,2578,2
releas,2579,1
report,2573,1,2574,1,2575,1,2576,1,2578,1,2579,1,2581,1
resort,2574,1
result,2578,1
revenu,2577,1
rise,2580,1
s,2580,1
sainte-mari,2579,1
savant,2576,1
sec,2574,1,2575,1,2581,1
second,2573,1,2575,1
secur,2573,1,2576,1
seem,2580,1
septemb,2572,1,2578,1
share,2573,1,2575,1,2576,1,2582,1
sign,2577,1
stake,2582,1
starter,2580,2
stori,2579,1
than,2580,1
the,2573,2,2574,3,2575,4,2576,3,2578,2,2579,2,2581,3
there,2580,1
to,2573,1,2574,1,2575,1,2576,1,2577,2,2579,1,2580,1,2581,1
today,2578,1
total,2577,1
u,2580,1
under,2580,1
updat,2579,1
vail,2574,1
wa,2579,1
walker,2573,1
wd,2573,1
well,2579,1
where,2580,1
with,2573,1,2574,1,2575,1,2576,1,2581,1
world,2575,1
year,2577,1
