a,3518,2,3519,1,3520,1,3525,1
a-sid,3520,1
about,3522,1
accord,3522,1
across,3525,1
along,3520,1
also,3520,1
an,3521,1,3522,1,3524,1,3525,1
and,3518,1,3520,2,3521,1,3523,1,3524,1,3525,1,3526,1
are,3523,3
as,3520,1
at,3521,1,3524,1
back,3526,1
band,3520,1
barton,3518,1
be,3520,1
beat,3521,1,3524,1
beatl,3526,1
beauti,3519,1
becaus,3525,1
blackberri,3525,1
bring,3526,1
budget,3519,1
but,3525,1,3526,1
call,3525,1
camera,3525,1
cancun,3521,1,3524,1
castl,3519,1
char,3518,1,3519,1,3520,1,3521,1,3522,1,3523,1,3524,1,3525,1
christma,3519,1
coco,3521,1,3524,1
come,3523,1
condit,3521,1,3524,1
copi,3520,1
could,3522,1
countri,3525,1
debut,3520,1
decor,3519,1
director,3525,1
do,3520,1
don,3519,1
doorstep,3521,1,3524,1
doubl,3520,1
drive,3525,1
even,3519,1
fab,3526,1
familiar,3522,1
featur,3520,1
feel,3523,1
festiv,3523,1
final,3521,1,3524,1,3526,1
for,3519,1,3523,1
four,3526,1
friday,3520,1
from,3525,1
full,3523,1
gauff,3521,1,3524,1
ha,3522,1
halloween,3523,1
hanson,3518,1
he,3525,2
health,3522,1
help,3519,1
her,3521,1,3522,1,3524,1
hi,3525,1
hit,3520,1,3522,1
holiday,3523,2
hope,3521,1,3524,1
if,3525,1
iga,3521,1,3524,1
improv,3522,1
in,3520,1,3521,2,3522,1,3523,1,3524,2,3525,1
includ,3520,1
is,3523,1,3525,1,3526,1
island,3518,1
it,3523,1
johnson,3525,1
just,3519,1
keep,3521,1,3524,1
lb,3522,1
line,3519,1
littl,3525,1
lot,3526,1
love,3518,1,3520,1
matt,3525,1
mccartney,3526,1
me,3520,1,3523,1
memori,3526,1
mighti,3525,1
miss,3519,1
mode,3523,1
move,3525,1
music,3526,1
necessarili,3526,1
nex,3519,1
not,3526,1
now,3520,2,3522,1,3523,1
numb,3521,1,3524,1
obstacl,3522,1
of,3520,1,3521,2,3523,1,3524,2,3526,2
offici,3523,1
old,3522,1
on,3519,1,3520,1,3521,1,3524,1,3525,2
opportun,3519,1
out-of-sort,3521,1,3524,1
over,3523,1
path,3522,1
paul,3526,1
perfectli,3519,1
physic,3520,1
posit,3522,1
pressur,3523,1
r,3522,1
re,3523,1
reach,3521,1,3524,1
releas,3520,1,3526,1
remast,3520,1
retak,3521,1,3524,1
right,3522,1
rv,3525,1
s,3518,1,3523,1
sale,3519,1
save,3519,1
seem,3525,1
semi-fin,3521,1,3524,1
shop,3523,1
singl,3519,1,3520,1
sister,3522,1
slaton,3522,1
sleep,3519,1
small,3525,1
some,3522,1
someon,3522,1
sometim,3519,1
song,3520,1,3526,1
star,3522,1
start,3523,1
stress,3523,1
sure,3519,1,3523,1
swiatek,3521,1,3524,1
t,3519,1
tammi,3522,1
that,3523,1,3525,1
the,3520,2,3521,4,3522,3,3523,2,3524,4,3525,4,3526,2
then,3520,2
they,3526,1
those,3519,1
thought,3522,1
thursday,3526,1
to,3519,2,3521,1,3522,2,3523,1,3524,1
u,3518,1
up,3519,1
use,3522,1
want,3519,1
we,3519,1,3523,2
wednesday,3521,1,3524,1
which,3523,1,3526,1
will,3520,2
windi,3521,1,3524,1
with,3519,1,3520,2,3522,1,3525,1
wobbl,3525,1
world,3521,1,3524,1
wta,3521,1,3524,1
year,3522,1
you,3519,2,3523,1
your,3519,2
zoom,3525,1
