:d,2658,1
:p,2657,1
a,2653,1,2657,3,2659,1
accord,2655,1,2660,1,2661,1
ad,2656,1
after,2652,1
an,2652,1
analyst,2657,1,2658,1
and,2652,1,2653,1,2654,2,2659,1
angel,2655,1
ani,2654,2
announc,2658,1,2659,1
appli,2654,1
asset,2660,1
at,2657,1
bancorp,2660,1,2661,1
bank',2659,1
be,2658,1
been,2656,1
befor,2658,1
buy,2657,1
by,2655,1,2657,1,2660,1,2661,1
capit,2655,1
char,2652,1,2653,1,2654,1,2655,1,2656,1,2657,1,2658,1,2659,1,2660,1,2661,1
come,2652,1
comment,2654,1
commerci,2659,1
commit,2659,1
compani,2655,2,2658,1,2660,2
cor,2657,1
corpor,2653,1
cut,2655,1
data,2658,1
deliv,2662,1
demonstr,2659,1
disclaim,2654,2
disclosur,2661,1
document,2654,2
domain,2653,1
dougla,2658,1
downgrad,2657,1
ds,2660,1
dublin,2656,1
dure,2655,1,2660,1,2661,1
earn,2658,1
earnin,2658,1
elliman,2658,1
empower,2653,1
end,2652,1
equiti,2657,1
expect,2658,1
feder,2652,1
fifth,2660,1
financi,2657,1
fitb,2660,1
form,2655,1,2660,1
free,2655,1,2657,1,2658,1,2660,1,2661,1
from,2653,1,2657,1
fund,2662,1
gener,2654,1
get,2657,1,2658,1
global,2656,2
globe,2656,1
group,2657,1
grow,2656,1
ha,2656,1,2659,1
have,2653,1
hold,2655,1,2657,1,2661,1
hope,2661,2
how,2653,1
in,2652,1,2653,1,2654,1,2655,2,2657,1,2660,2,2661,1
inc,2661,1
invest,2661,1
is,2656,1,2658,1
issu,2657,1,2658,1
it,2654,1,2655,2,2658,1,2659,1,2660,2,2661,2
jefferi,2657,1
jpm,2662,1
kiran,2653,1
leas,2659,1
lender,2656,2
lift,2660,1
llc,2655,1,2661,1
lo,2655,1
lower,2661,1
ltd,2660,1
made,2653,1
manag,2655,1,2660,1,2661,1
market,2656,2,2658,1
mazumdar,2653,1
medal,2653,1
minneapoli,2659,2
mitsui,2660,1
mortgag,2656,2
most,2655,1,2660,1,2661,1
nasdaq,2655,1,2660,1,2661,1
nehwal',2653,1
newmark,2659,1
newswir,2656,1
note,2654,1,2657,1
nov,2656,1,2659,1
novemb,2658,1
nyse,2657,1,2658,1
of,2653,1,2654,1,2655,1
offer,2656,1
olymp,2653,1
on,2657,1,2658,1
open,2658,1
or,2654,2
oug,2658,1
person,2654,1
pictur,2653,1
piedmont,2659,1
present,2653,1,2654,1
prnewswir,2659,1
procor,2657,1
progress,2653,1
promis,2653,1
pzena,2661,1
quarter,2655,1,2660,1,2661,1
quarterli,2658,1
rate,2657,2
recent,2655,1,2660,1,2661,1
renewa,2659,1
report,2655,1,2656,2,2657,1,2658,1,2660,1,2661,1
research,2657,2
researchandmarkets.com,2656,1
reserv,2652,1
s,2655,1,2656,1
saina,2653,1
schedul,2658,1
second,2655,1,2661,1
secur,2659,1,2661,1
seek,2662,1
set,2656,1
share,2655,1
shaw',2653,1
signific,2653,1
square-foot,2659,1
stake,2660,1
stride,2653,1
success,2653,1
such,2654,1
sumitomo,2660,1
taken,2654,1
technolog,2657,1
that,2659,1
the,2652,2,2654,1,2655,3,2656,2,2658,2,2659,1,2660,2,2661,2
thi,2654,3
third,2660,1
thursd,2657,1
to,2652,1,2653,1,2654,1,2655,1,2656,2,2657,1,2658,2,2659,1,2660,1,2661,1,2662,1
togeth,2654,1
unifi,2659,1
us,2652,1
variou,2653,1
verbal,2654,2
wa,2657,1
wednesday,2658,1
wen,2655,1
wendi,2655,1
with,2654,1,2661,1
women,2653,1
writt,2654,1
written,2654,1
