a,2945,1,2946,1,2948,1,2952,1,2953,2
address,2945,2,2952,2
ag,2951,1
ago,2946,1,2953,1
ahead,2947,2
all,2953,1
and,2945,2,2949,1,2950,1,2952,2
appoint,2951,1
are,2947,2
as,2944,1,2946,2,2948,1,2951,1
at,2951,1,2953,2
athen,2949,1,2950,1
autohella,2949,1,2950,1
automot,2948,2
bar,2953,1
becom,2944,1
big,2953,1
board,2951,1
busi,2948,1
but,2947,1
by,2949,1,2950,1
c,2951,1
car,2944,1,2946,1
car-it,2951,1
cestth,2951,1
cet,2951,1
championship,2947,1
char,2944,1,2945,1,2946,1,2947,1,2948,1,2949,1,2950,1,2951,1,2952,1,2953,1
chattisgarh,2945,1,2952,1
choos,2946,1
compani,2948,1
condit,2945,1,2952,1
congress,2945,1,2952,1
consolid,2949,1,2950,1
constructor,2947,1
continu,2946,1
custom,2946,1
deal,2953,1
did,2946,1
dilapid,2945,1,2952,1
dr,2951,1
drive,2954,1
ensur,2947,1
eqs-new,2951,1
execut,2951,1
expens,2946,1
f,2951,1
ferrari,2946,1,2947,1
financi,2949,1,2950,1
finish,2947,1
first,2949,1,2950,1
flat-out,2947,1
for,2944,1,2946,1,2948,1,2951,2,2953,1,2954,1
from,2946,1
garden,2953,1
gave,2945,1,2952,1
global,2948,2
globe,2948,1
grant,2944,1
grosjean,2954,1
h,2951,1
ha,2944,1
hamilton,2947,1
have,2944,1
he,2945,1,2952,1
hi,2947,1
hold,2953,1
holling,2954,1
hospit,2945,1,2952,1
in,2945,1,2947,2,2949,2,2950,2,2952,1,2953,1
increas,2949,1,2950,1
ing,2951,1
is,2948,1,2951,1
issuer,2951,1
it,2944,1,2946,3,2953,1
jump,2946,1
junco,2954,1
just,2947,1
kanker,2945,1,2952,1
key,2951,1
khan,2951,1
last,2946,1
lewi,2947,1
london,2948,1
luncheon,2953,1
m,2949,2,2950,2
madison,2953,1
market,2948,2
member,2951,1
merced,2947,2
modi,2945,1,2952,1
month,2949,2,2950,2
new,2946,1
newswir,2948,1
normalis,2944,1
nov,2948,1
novemb,2945,1,2949,1,2950,1,2952,1
of,2947,1,2949,1,2950,1,2953,1
old,2953,1
on,2945,1,2946,1,2952,1
oper,2949,1,2950,1
option,2946,1
our,2944,1
pay,2944,1
pe,2945,1,2952,1
per,2948,1
person,2946,1
personnel,2951,1
play-by-play,2953,1
pm,2945,1,2952,1
point,2947,1
pois,2948,1
poorli,2945,1,2952,1
porsch,2951,2
preseason,2953,1
price,2944,1
profit,2946,1,2949,1,2950,1
public,2945,2,2952,2
quarter,2949,1,2950,1
ralli,2945,1,2952,1
rema,2948,1
report,2948,1
research,2948,1
respons,2951,1
result,2949,1,2950,1
road,2945,1,2952,1
romain,2954,1
room,2953,1
s,2951,1
said,2945,1,2946,1,2952,1
sajjad,2951,1
say,2947,1
school,2945,1,2952,1
second,2947,1
semifinalist,2953,1
sit,2947,1
small,2953,1
sole,2951,1
squar,2953,1
stand,2947,1
take,2944,1
team,2947,1
that,2945,1,2946,1,2952,1,2953,1
the,2944,1,2945,2,2947,2,2948,2,2952,2,2953,4
their,2946,1
there,2953,1
they,2947,1,2953,1
thi,2953,1
third-quart,2946,1
thursday,2946,1
to,2944,2,2945,1,2946,1,2947,1,2952,1
turnov,2949,1,2950,1
use,2944,1
vehicle-to-everyth,2948,1
wa,2953,2
we,2944,2
wealthi,2946,1
were,2953,1
while,2945,1,2952,1
will,2954,1
word,2951,1
work,2947,1
year,2946,1,2953,1
