a,4657,1
about,4661,1,4663,1
adam,4663,1
all,4658,1,4659,1,4660,1,4661,1
alongsid,4663,1
an,4664,1
and,4661,1,4662,1,4664,1
angel,4663,1
annual,4658,1,4659,1,4660,1
are,4662,2
atop,4665,1
ballad,4657,1
be,4661,1
been,4663,1
begin,4657,1
bereft,4662,1
big,4664,1
by,4661,1,4662,1
captain,4662,1
certain,4661,1
char,4657,1,4658,1,4659,1,4660,1,4661,1,4662,1,4663,1,4664,1
clip,4657,1
clipper,4663,1
coach,4664,1
coordin,4664,1
crimson,4662,1
crown,4665,1
dave,4664,1
decis,4661,1
determin,4661,1
dive,4658,1,4659,1,4660,1
draft,4661,1,4662,1
drink,4658,1,4659,1,4660,1
duck,4662,1
earlier,4663,1
elabor,4658,1,4659,1,4660,1
end,4657,1
er,4658,1,4659,1,4660,1
even,4661,1
evil,4658,1,4659,1,4660,1
fantasi,4661,1
far,4657,1
fire,4664,1
fit,4663,1
footbal,4661,1
for,4657,1
free,4658,1,4659,1,4660,1
from,4657,1,4658,1,4659,1,4660,1
game,4657,1,4658,1,4659,1,4660,1
gener,4664,1
getti,4663,1
hack,4658,1,4659,1,4660,1
harden,4663,1
have,4663,1
hi,4663,1
hold,4665,1
hope,4661,1
hunger,4657,1
ian,4662,1
imag,4663,1
in,4657,1,4662,1,4665,1
intent,4661,1
into,4658,2,4659,2,4660,2
is,4661,1
it,4665,1
jame,4663,1
join,4663,1
josh,4664,1
junior,4662,1
karpa,4662,1
la,4664,1
launder,4658,1,4659,1,4660,1
led,4662,1
lineup,4661,1
linger,4663,1
lo,4663,1
lombardi,4664,1
look,4665,1
manag,4664,1
matchup,4661,1
mcdaniel,4664,1
mick,4664,1
mind,4658,1,4659,1,4660,1
moor,4662,1
morn,4664,1
most,4664,1
nation,4665,1
nbae,4663,1
new,4657,1
newli,4665,1
news,4664,1
nhl,4662,1
no,4665,1
not,4662,1
of,4657,2,4662,1,4664,2
offens,4664,1
ohio,4665,1
on,4662,1
onto,4665,1
or,4658,1,4659,1,4660,1
order,4661,1
our,4658,1,4659,1,4660,1
out,4664,1
pantozzi,4663,1
pick,4661,1,4662,1
play,4658,1,4659,1,4660,1,4661,1
question,4663,1
r-rate,4657,1
raider,4664,1
ranger,4662,1
recommend,4658,1,4659,1,4660,1
refrain,4658,1,4659,1,4660,1
rou,4662,1
round,4662,1
russel,4663,1
s,4658,1,4659,1,4660,1
saw,4664,1
say,4662,1
see,4657,1
shouldn't,4661,1
sixth,4662,1
sketchi,4658,1,4659,1,4660,1
slightli,4658,1,4659,1,4660,1
songbird,4657,1
speaki,4663,1
spot,4665,1
squad,4662,1
state,4665,1
talent,4662,1
team,4661,1,4665,1
thanksgiv,4657,1
that,4662,1,4664,1
the,4657,3,4658,1,4659,1,4660,1,4661,2,4662,1,4663,1,4664,2,4665,3
there,4662,1,4663,1
thi,4662,1,4663,1
third,4662,1
though,4661,1
to,4658,2,4659,2,4660,2,4662,1,4665,1
up,4664,1
usual,4658,1,4659,1,4660,1
vega,4664,1
via,4663,1
want,4658,1,4659,1,4660,1
way,4658,1,4659,1,4660,1
weasel,4658,1,4659,1,4660,1
wed,4658,1,4659,1,4660,1
wednesday,4664,1
week,4658,1,4659,1,4660,1,4663,1
weekli,4661,1
welcom,4658,1,4659,1,4660,1
westbrook,4663,1
when,4664,1
while,4663,1
will,4665,1
with,4661,1,4663,1
woke,4664,1
year,4662,1
you,4661,2,4664,2
your,4658,1,4659,1,4660,1,4661,3
zakari,4662,1
ziegler,4664,1
