</td>,2715,4
</tr>,2715,2
<table>,2715,1
<td>,2715,5
<tr>,2715,3
a,2708,1,2710,1,2711,1,2716,1,2717,3
accord,2709,1,2713,1,2714,1
administr,2708,1
advisor,2713,1,2714,1
after,2708,1,2717,1
am,2715,1
analyst,2716,1
and,2708,1,2710,1,2717,1
anderson,2713,1,2714,1
angel,2711,1
announc,2711,1,2712,1
archiv,2708,1
asset,2715,1
at,2715,1,2716,1
august,2712,1
bank,2709,1,2716,2
bay,2712,1
biden,2708,1
biopharma,2712,1
bk,2709,1,2716,1
blackston,2713,1
but,2717,1
bx,2713,1
by,2708,1,2709,1,2713,1,2714,1
cad,2712,1
capit,2713,1,2714,1
chang,2717,1
char,2708,1,2709,1,2710,1,2711,1,2712,1,2713,1,2714,1,2715,1,2716,1
close,2712,1
co,2709,1,2714,1,2716,1
code,2715,1
coma,2717,1
commun,2711,2
compani,2710,2,2711,1,2713,1
connect,2711,1
corp,2712,1
cours,2717,1
decreas,2716,1
door,2717,1
down,2715,1
dure,2709,1,2713,1,2714,1
earn,2716,1
edt,2715,1
engag,2711,1
equiti,2716,1
estim,2716,1
fast,2717,1
fellow,2708,1
file,2708,1,2709,1,2713,1
food,2717,1
for,2716,1
forev,2717,1
form,2709,1
free,2709,1,2713,1,2714,1,2716,1
globe,2710,1,2711,1
gop,2708,1
group,2710,2
ha,2717,1
helix,2712,1
her,2717,1
home,2710,1
ibn,2711,2
impeach,2708,1
in,2709,1,2711,1,2713,2,2714,1,2716,1,2717,2
inc,2710,1,2713,1
increas,2709,1
indust,2710,1
insur,2710,1
invest,2711,1,2715,1
is,2711,1
issu,2716,1
it,2709,2,2713,2,2714,2,2717,1
joe,2708,1
jordan',2717,1
kayn,2713,1,2714,1
kkr,2714,1
kohlberg,2714,1
kravi,2714,1
l,2714,1
lawmak,2708,1
lead,2710,1
left,2717,1
lei,2715,1
lessen,2713,1,2714,1
life,2717,1
lizzi,2717,1
lo,2711,1
lp,2709,1,2713,1,2714,1
manag,2709,1
meal,2717,1
mellon,2709,1,2716,2
micro-cap,2715,1
mill,2712,1
mission,2709,1
most,2709,1,2713,1,2714,1
multifacet,2711,1
nara,2708,1
nasdaq,2710,1
nation,2708,1
net,2715,1
new,2709,1,2716,2,2717,1
newswir,2710,1,2711,1
night,2717,1
note,2716,1
nov,2710,1,2711,1
novemb,2715,1
nyse,2709,1,2713,1,2714,1,2716,1
of,2709,2,2712,2,2714,1,2716,2,2717,1
ontario,2712,1
open,2717,1
opportun,2717,1
or,2710,1
organ,2711,1
out,2717,1
p,2714,1
per,2716,1
placement,2712,1
plc,2715,1
pleas,2711,1
porch,2710,3
posit,2714,1
prch,2710,1
presid,2708,1
press,2712,1
privat,2712,1
public,2711,1
quarter,2709,1,2713,1,2714,1
recent,2709,1,2713,1,2714,1
record,2708,1
reinvent,2710,1
releas,2712,1
report,2709,1,2713,1,2714,1,2716,1
research,2716,2
reveal,2708,1
robert,2714,1
se,2713,1
seattl,2710,1
second,2709,1,2713,1,2714,1
servic,2710,1
share,2709,1,2714,1,2716,1
softwar,2710,1
stake,2709,1,2713,1
strateg,2715,1
street,2712,1
tel,2712,1
th,2711,1
the,2708,1,2709,2,2710,2,2711,1,2713,3,2714,1,2716,1,2717,2
their,2716,1
to,2708,1,2709,1,2711,2,2713,1,2714,1,2717,1
toronto,2712,1
trust,2715,1
urg,2708,1
valu,2715,1
vertic,2710,1
via,2711,1
w,2709,1
wealth,2709,1
with,2713,1
www.helixbiopharma.com,2712,1
york,2709,1,2716,2
zack,2716,1
