a,4350,1,4351,1,4354,1,4356,1
about,4355,1
acc,4349,1
accord,4353,1
actual,4349,1
administr,4350,1,4351,1,4355,1
after,4357,1
against,4356,1
agenc,4355,1
alert,4355,1
an,4350,1,4351,1
and,4349,1,4350,1,4351,1,4352,4,4354,1,4355,2,4356,1
announc,4354,1
appli,4354,1
approv,4350,1,4351,1,4354,1
are,4352,1
as,4350,1,4351,1,4357,1
author,4352,1
auvi,4354,1
been,4352,2
befor,4350,1,4351,1
bi,4352,1
bill,4349,1
blockbust,4350,1,4351,1
brand,4356,1
brows,4349,1
busi,4356,1
but,4352,1
by,4353,1
call,4349,1
cash,4352,1
caus,4355,1
char,4349,1,4350,1,4351,1,4352,1,4353,1,4354,1,4355,1,4356,1
cl,4356,1
co,4353,1
compani,4353,1
competitors.th,4356,1
confectionari,4356,1
consum,4355,1
control,4349,1
corp,4353,1
could,4355,1
crush,4357,1
day,4357,1
de,4350,1,4351,1
deploy,4352,1
diabet,4350,1,4351,1
disclosur,4353,1
disinfect,4354,1
dozen,4355,1
drop,4355,1
drug,4350,1,4351,1,4355,1
drugmak,4357,1
ecommerc,4356,1
effort,4352,1
eli,4350,1,4351,1
end,4350,1,4351,1
ever,4349,1
expect,4350,1,4351,1
eye,4355,2
fda,4355,1
featur,4349,1
food,4349,1,4350,1,4351,1,4352,1,4354,1,4355,1,4356,1
forecast,4357,1
free,4353,1
gain,4356,1
giant,4356,1
globe,4354,1
gradual,4352,1
grow,4356,1
have,4352,2
help,4352,1
ibd,4357,1
in,4350,1,4351,1,4352,1,4353,3,4354,1
inc,4354,1
includ,4356,1
infect,4355,1
intern,4356,1
iphon,4349,1
iphone',4349,1
is,4349,1,4350,1,4351,1,4355,1,4356,1,4357,1
it,4353,2,4356,1
lead,4350,1,4351,1,4355,1,4356,1
lilli,4350,1,4351,1
lincoln,4353,1
loss.despit,4355,1
lower,4353,1
mcd,4353,1
mcdonald,4353,1
media,4349,1
medic,4350,1,4351,1
mondelz,4356,1
more,4355,1
most,4353,1
mounjaro,4350,1,4351,1
nasdaq,4354,1
nation,4353,1
new,4354,1
newmediawir,4354,1
newswir,4354,1
nov,4354,1
ny,4354,1
nyse,4353,1
obes,4350,1,4351,1
of,4349,1,4350,1,4351,1,4352,1,4353,1,4354,1,4356,1,4357,1
on,4349,1,4357,1
one,4349,1
oreo,4356,1
own,4356,1
pat,4354,1
perus,4349,1
phone,4352,1
pioneer,4354,1
polic,4352,1
popular,4356,1
posit,4353,1
potenti,4355,1
power,4352,1
product,4355,1
quarter,4353,1
quarterli,4357,1
rang,4356,1
receiv,4350,1,4351,1
recent,4353,1,4354,1
recip,4349,1
recoveri,4352,1
report,4353,1
restor,4352,1
s,4350,1,4351,1,4353,1
say,4355,1
scarc,4352,1
screen,4349,1
second,4353,1
secur,4353,1,4354,1
see,4356,1
servic,4352,1
share,4353,1,4356,1,4357,1
snack,4356,1
social,4349,1
soldier,4352,1
still,4352,1
stock,4357,1
street',4357,1
surg,4350,1,4351,1,4357,1
technolog,4354,1
th,4355,1
than,4355,1
that,4355,1
the,4349,3,4350,2,4351,2,4352,1,4353,3,4354,1,4355,2,4357,3
thousand,4352,1
thursday',4357,1
to,4350,2,4351,2,4352,1,4353,1,4355,1,4356,1
today,4354,1
touch,4349,1
treatment,4350,1,4351,1
two,4355,1
uv,4354,2
via,4354,1
vision,4355,1
voic,4349,1
wall,4357,1
water,4352,1
which,4350,1,4351,1,4356,1
with,4353,1
without,4349,1
would,4350,1,4351,1
year,4350,1,4351,1
york,4354,1
your,4349,1
