a,4397,1,4399,1,4400,1,4401,1,4403,2,4404,1
aaa,4403,1
an,4399,1,4401,1
and,4398,1,4399,1,4401,1,4404,1
announc,4397,1,4398,1,4403,1
anoth,4398,1
ap,4399,1
appear,4397,1
are,4399,1,4401,1
arizona,4405,1
austin,4403,1
base,4403,1
be,4397,2,4400,1
begin,4398,1
better,4402,1
big,4404,1
bochi,4404,1
brand-new,4403,1
brian,4400,1
broke,4399,1,4401,1
bruce,4404,1
but,4405,1
call,4402,1
castl,4397,2
champion,4399,1,4401,1
championship,4404,1
char,4396,1,4397,1,4398,1,4399,1,4400,1,4401,1,4402,1,4403,1,4404,1
chines,4403,1
codenam,4403,1
come,4400,1
complet,4400,1
consid,4400,1
corey,4404,1
could,4400,1
cours,4405,1
creat,4403,1
develop,4397,1
disappoint,4405,1
duti,4402,1
each,4404,1
earlier,4397,1
embrac,4404,1
eovaldi,4399,1,4401,1
f,4400,1
fantast,4397,2
first,4399,1,4401,1,4402,1,4404,1
first-parti,4397,1
for,4399,1,4401,1
franchise',4404,1
game,4397,1,4398,1,4400,1,4402,1,4403,3
garver,4399,1,4401,1
getti,4400,1
ghost,4403,1
ghostcrawl,4397,1
giant,4403,1
greg,4397,1,4403,1
gutsi,4399,1,4401,1
ha,4403,1
had,4404,1
head,4398,1,4403,1
here,4398,1
hi,4397,1,4404,1
hug,4404,1
icon,4402,1
imag,4400,1
immin,4402,1
in,4399,2,4401,2,4403,1,4404,1
includ,4404,1
infin,4402,1
inning,4399,1,4401,1
into,4400,1
is,4397,1,4398,1,4403,1
it,4398,3
just,4404,1
lineup,4398,1
major,4400,1
mitch,4399,1,4401,1
mmo,4397,1,4403,1
modern,4402,3
month,4398,1
more,4400,1
nathan,4399,1,4401,1
nba,4400,1
nbae,4400,1
neteas,4403,1
new,4397,1,4403,1
next,4398,1,4400,1
night,4404,1
novemb,4398,1
of,4398,2,4402,1,4404,2,4405,1
on,4396,1,4397,1,4400,1,4402,1
onli,4400,1
over,4400,1
petitti,4396,1
philadelphia,4400,1
phoenix,4399,1,4401,1,4404,1,4405,1
pitch,4399,1,4401,1
pixel,4397,2
player,4404,1
playstat,4398,1
plu,4398,1
publish,4398,1
ranger,4399,1,4401,1,4404,1
rbi,4399,1,4401,1
reboot,4402,1
refresh,4402,1
releas,4402,1
s,4398,1
scoreless,4399,1,4401,1
seager,4404,1
season,4400,1
seri,4399,1,4401,1
servic,4398,1
sevald,4400,1
seventh,4399,1,4401,1
shortstop,4404,1
singl,4399,1,4401,1
six,4399,1,4401,1
soni,4398,1
sourc,4396,1
st,4403,1
sto,4402,1
street,4397,1,4403,1
studio,4397,2,4403,1
style,4402,1
subscript,4398,1
team,4403,1
teas,4398,1
texa,4399,1,4401,1,4403,1
that,4397,1,4403,1
the,4398,3,4399,3,4400,3,4401,3,4402,1,4403,2,4404,2,4405,1
thei,4399,1
their,4401,1
there,4405,1
they'r,4400,1
three,4400,1
tie,4399,1,4401,1
time,4399,1,4401,1,4402,1
titl,4398,1
to,4397,1,4398,2,4402,1
today,4397,1
tol,4396,1,4404,1
trade,4400,1
trilog,4402,1
trio,4398,1
turn,4404,1
twitter,4397,1
two,4402,1
up,4403,1
us,4398,1
veteran,4397,1,4403,1
via,4400,1
w,4398,1
wa,4405,1
ward,4402,1
warfar,4402,3
wednesday,4396,1,4400,1,4404,1
what,4402,1
who,4404,1
will,4403,1
with,4398,1,4399,1,4401,1,4402,2,4403,1
won,4404,1
world,4399,1,4401,1
yourself,4402,1
