:p,2664,1
a,2662,1,2663,1,2664,2,2665,1,2666,2,2668,1,2670,2
accord,2663,1,2667,1,2671,1
activ,2662,1
advisor,2663,1
airc,2670,1
ajoy,2668,2
an,2664,1
analyst,2664,1,2665,1
and,2662,1,2665,1,2666,1,2669,3
announc,2662,1,2666,1,2670,1
apart,2670,1
appoint,2666,1
apprais,2666,1
are,2669,1
as,2666,1
asset,2662,1
at,2664,1,2665,1
ayujoy,2668,2
b,2665,1
be,2670,1
by,2663,1,2664,1,2667,1,2671,1
capit,2665,2,2667,1
char,2662,1,2663,1,2664,1,2665,1,2666,1,2667,1,2668,1,2669,1,2670,1
client,2665,1
co,2665,1
compani,2668,1
control,2662,1
cor,2664,1
corp,2670,1
corpor,2669,1
cswc,2665,1
decreas,2663,1
delawar,2669,1
destin,2669,1
develop,2669,1
dine,2669,1
disclosur,2663,1
divid,2670,1
dividend,2670,1
divis,2666,1
downgrad,2664,1
dure,2663,1,2671,1
earn,2665,1
entertain,2669,1
equiti,2664,1
estim,2665,1
etf,2662,1
eversourc,2663,1
expertis,2662,1
file,2667,1
financi,2671,1
firm,2666,1
for,2665,1
free,2663,1,2664,1,2665,1,2667,1,2670,1,2671,1
friday,2670,1
from,2664,1
fund,2667,1
get,2664,1,2670,1
gina,2666,1
given,2670,1
global,2666,2
globe,2668,1
grew,2667,1
griffin,2666,1
group,2669,2,2671,1
grow,2669,1
ha,2669,1
herbal,2668,1
heritag,2666,2
hgbl,2666,1
hgv,2666,1
hilltop,2667,1
hodg,2667,1
hold,2663,1,2667,1
hth,2667,1
in,2663,1,2664,1,2665,1,2667,2,2671,1
inc,2663,1,2666,1,2667,2,2669,1,2671,1
incom,2670,1
inform,2668,1
invest,2665,1
investor,2664,1,2665,1
is,2666,1
issu,2664,1,2665,1
it,2663,2,2667,2,2668,1,2671,1
j,2662,1
l,2669,1
launch,2662,1
lead,2666,1
liquid,2666,1
llc,2663,1,2671,1
ltd,2668,1
manag,2662,2,2667,1,2669,1
market,2664,1
mixed-us,2669,1
morgan,2662,1
most,2663,1,2667,1
nasdaq,2665,1,2666,1
new,2662,1
newswir,2668,1
note,2664,1
nov,2662,1,2668,1
novemb,2668,1,2670,1
nyse,2663,1,2664,1,2667,1,2670,1,2671,1
o,2664,1
octob,2670,1
of,2662,1,2666,2,2667,1,2668,1,2670,1
on,2670,2
oppenheim,2664,1
or,2668,1
otcpk,2668,1
outperform,2664,1
own,2669,1
p,2662,1,2669,1
perform,2664,1
pleas,2666,1
posit,2667,1,2671,1
pr,2666,1
premier,2669,1
prnewswir,2662,1
procor,2664,1
properti,2663,1,2669,2
quarter,2663,1,2667,1,2671,1
quarterli,2670,1
rais,2665,1
rate,2664,2
recent,2663,1,2667,1
record,2670,1
reit,2670,1
report,2663,1,2664,1,2665,2,2667,1,2670,2,2671,1
research,2664,1,2665,1
revenu,2669,1
richmond,2668,2
riley,2665,1
risk,2662,1
safe,2671,1
safehold,2671,1
sec,2667,1
second,2667,1
secur,2663,1
senior,2666,1
share,2667,1
sharehold,2670,1
shop,2669,1
significa,2668,1
simon,2669,2
southwest,2665,2
stakehold,2668,1
steward,2671,1
technolog,2662,1,2664,1
that,2669,1
the,2662,1,2663,2,2666,1,2667,3,2668,1,2671,1
their,2665,1
through,2662,1
to,2663,1,2664,2,2665,1,2666,1,2667,1,2668,1
today,2662,1
trim,2671,1
tuesday,2670,1
two,2662,1
va,2668,2
valuat,2666,1
vice,2666,1
vici,2663,2
wa,2664,1
wealth,2663,1
will,2670,1
wish,2668,1
with,2663,1,2667,1
york,2662,1
zack,2670,1
