<table>,2308,1
<td>,2308,1
<tr>,2308,1
@skylakestudio,2313,1
a,2305,1,2306,1,2307,1,2309,1,2312,1,2314,1
accord,2311,1
actor,2312,1
agre,2313,1
all,2313,1
an,2312,1
analysi,2308,1
and,2305,1,2308,1,2309,1,2311,1,2312,2,2314,1
announc,2305,1
anoth,2310,1
art,2312,1
articl,2309,1
artist,2312,1
as,2312,1
associ,2314,1
at,2312,1
auteur,2310,1
author,2312,1
autonom,2305,1,2309,1
be,2310,1,2313,1
bloy,2310,1
blue,2305,1,2309,1
bottl,2313,1
by,2311,1
calendar,2310,1
can,2313,2
career,2312,1
casey,2310,1
chairman,2310,1
char,2305,1,2306,1,2307,1,2308,1,2309,1,2310,1,2311,1,2312,1,2313,1
chuck,2312,1
clear,2313,1
commun,2305,1,2309,1
compani,2305,1,2309,1,2311,1
confirm,2310,1
contract,2305,1
d,2308,1
daytim,2313,1
declin,2306,2,2307,2
despit,2307,1
develop,2305,1,2309,1
director,2312,1
discuss,2308,1
drama,2310,1
dure,2306,1,2307,1,2313,1
e,2311,1
eight,2313,1
emerg,2305,1,2309,1
emm,2310,1
end,2308,1
entertain,2312,1
estat,2306,1,2307,1,2311,1
etf,2311,1
euphoria,2310,2
expans,2305,1
experienc,2310,1
fame,2312,1
fil,2312,1
file,2311,1
for,2308,1,2310,1,2312,1
found,2314,1
free,2311,1
from,2310,1
frustrat,2313,1
gain,2312,1
gener,2313,1
glass,2313,1
grew,2311,1
group,2306,1,2307,1
ha,2312,1
had,2312,1
hbo,2310,1
he,2312,1
hi,2312,1
hit,2310,1
hold,2311,1,2313,1
homement,2309,1
i,2313,1
in,2306,1,2307,1,2309,1,2311,3,2313,1
inc,2309,1
industri,2306,2,2307,2
interr,2308,1
it,2311,2
juri,2314,1
knightscop,2305,1,2309,2
kscp,2305,1,2309,1
lead,2305,1,2309,1
levinson,2310,1
light,2305,1,2309,1
management',2308,2
martial,2312,2
money,2313,1
month,2308,1
most,2311,1
motco,2311,1
my,2313,1
nasdaq,2305,1,2309,1
nation,2314,1
news,2309,1
nine,2308,1
no,2310,1
norri,2312,1
novemb,2308,1
nysearca,2311,1
of,2305,1,2306,1,2307,1,2309,1,2311,1,2313,1,2314,1
old,2312,1
on,2310,1,2314,1
one,2310,1
or,2305,1,2309,1
ottawa,2308,1
outperform,2306,2,2307,2
over,2306,1,2307,1,2313,1
past,2313,1
peopl,2313,1
platform,2306,1,2307,1
produc,2312,1
quarter,2307,1,2311,1
quarter.despit,2306,1
real,2306,1,2307,1,2311,1
realli,2313,1
realtor,2314,1
recent,2311,1
reit,2308,1
report,2311,1
residenti,2306,1,2307,1
revenu,2306,1,2307,1
robot,2305,1,2309,1
rooftop,2308,1
s,2314,1
sam,2310,1
secur,2305,1,2309,1,2311,1
septemb,2308,1
share,2311,1
sinc,2313,1
sit,2313,1
skill,2312,1
slayt,2308,1
sometim,2313,1
star,2310,1
start,2313,1
success,2312,1
system,2305,1,2309,1
teen,2310,1
terrac,2308,1
that,2310,1
the,2305,1,2306,3,2307,3,2308,2,2309,1,2310,1,2311,3,2313,1,2314,1
thi,2309,1
think,2313,1
third,2306,1,2307,1
three,2308,1
thursday,2310,1
to,2311,1,2312,1
today,2305,1
transit,2312,1
tuesday,2314,1
two,2305,1
u,2314,1
unfortun,2310,1
us,2313,1
vanguard,2311,1
vnq,2311,1
will,2310,1
with,2311,1
year,2306,2,2307,2,2310,1,2312,1,2313,1
yoy,2306,1,2307,1
zillow,2306,2,2307,2
