:p,2443,1
a,2441,1,2445,1,2446,1
abrdn,2444,1
accord,2442,1,2443,1,2446,1
agent,2445,1
american,2446,1,2448,1
amt,2446,1,2448,1
announc,2441,1
are,2439,1
ascent,2446,1
at,2441,1
bankman-fri,2447,1
befor,2441,1
better,2441,1
boost,2444,1
but,2441,1,2445,1
by,2442,1,2443,1,2444,1,2445,1,2446,1,2448,1
castl,2442,1
cci,2442,1
ceo,2447,1
channel,2444,1
char,2439,1,2440,1,2441,1,2442,1,2443,1,2444,1,2445,1,2446,1,2447,1
christoph,2445,1
citizen,2443,1
close,2441,1
co,2446,1,2448,1
commiss,2445,1
compani,2443,1
consensu,2440,1
counsel,2442,1
crown,2442,1
cryp,2447,1
crypto,2447,1
custom,2447,1
data,2440,1
decreas,2446,1
disclosur,2442,1
dure,2442,1,2448,1
earn,2440,2,2441,1
ep,2440,1
estat,2440,1,2444,1,2445,1
exchang,2447,1
expect,2441,1
face,2445,1
feder,2445,1
file,2443,1,2446,1
financi,2443,1
follow,2441,1
for,2440,1,2447,1
former,2447,1
fraud,2447,1
free,2440,1,2441,1,2442,1,2443,1,2444,1,2446,1,2448,1
ftx,2447,1
fund,2443,1,2447,1
futur,2445,1
gap,2441,1
get,2440,1,2441,1
group,2443,1
had,2441,1
he,2447,1
hi,2447,1
hike,2445,1
hold,2444,1,2446,1,2448,1
home,2439,1
in,2442,1,2443,3,2444,2,2446,2,2448,1
inc,2441,1,2442,1,2443,1
industri,2445,1
institut,2444,1
into,2439,1
inv,2444,1
invest,2440,1,2442,1,2448,1
investor,2444,1
it,2440,1,2442,2,2443,2,2444,1,2445,1,2446,2,2448,1
juri,2447,1
keep,2445,1
key,2445,1
leav,2445,1
life,2448,1
lift,2448,1
llc,2446,1,2448,1
lllp,2442,1
longstand,2445,1
lower,2443,1
mac,2440,1
macerich,2440,1
manag,2448,1
market,2441,1
miss,2440,1
most,2442,1,2443,1,2446,1
new,2439,1,2448,1
now,2447,1
now-bankrupt,2447,1
nyse,2440,1,2441,1,2442,1,2443,1,2444,1,2446,1,2448,1
o,2445,1
obermey,2442,1
of,2442,1,2444,1,2445,1,2446,1,2447,1,2448,1
on,2440,1,2441,1,2447,2
open,2441,1,2445,1
own,2444,1
partner,2446,1
per,2440,1
plc,2444,1
posit,2442,1,2443,1
possibl,2445,1
post,2440,1
previous,2441,1
public,2443,1
pushback,2445,1
quarter,2440,1,2442,1,2443,1,2444,1,2446,1,2448,1
quarterli,2440,1
quickli,2439,1
rate,2445,1
rayoni,2441,1
real,2440,1,2444,1
recent,2442,1,2443,1,2446,1
report,2440,2,2441,1,2442,1,2443,1,2444,2,2446,1,2448,1
reserv,2445,1
resi,2439,1
reviv,2439,1
ri,2443,1
rugaberr,2445,1
rule,2445,1
run,2439,1
ryn,2441,1
sa,2443,1
safe,2447,1
sales.they,2439,1
sam,2447,1
sassoon,2447,1
sec,2443,1
second,2442,1,2444,1,2446,1,2448,1
secretli,2447,1
secur,2446,1
set,2445,1
share,2440,1,2441,1,2442,1,2444,1,2446,1,2448,1
stake,2444,1
stock,2441,1
storag,2443,1
than,2441,1
that,2447,1
the,2440,3,2441,2,2442,2,2443,4,2444,3,2446,2,2447,2,2448,1
their,2447,2
thursday,2441,1
to,2439,1,2442,1,2443,1,2445,1,2446,1
told,2447,2
took,2447,1
tower,2446,1,2448,1
trial,2447,1
trim,2442,1
trust,2440,1
tuesday,2440,1
unchang,2445,1
up,2441,1
wealth,2446,1
were,2447,1
weyerhaeus,2444,1
with,2442,1,2443,1,2446,1
wood,2442,1
wy,2444,1
yet,2447,1
york,2448,1
