a,2498,1,2500,1,2501,1,2502,1,2503,1,2505,2
about,2504,1
accus,2505,1
almost,2500,1,2506,1
amount,2498,1
and,2500,1,2504,1,2505,2,2506,1
announc,2499,1,2502,1,2503,1
annual,2506,1
anticip,2501,1
are,2500,1,2504,1
arrang,2499,1
articl,2504,1
barstool,2505,1
bate,2500,1
been,2505,1
board,2498,1,2502,1,2503,1
boston,2499,1
breath,2500,1
broke,2500,1
buy,2505,1
buyer,2506,1
by,2505,1
calendar,2506,1
car,2505,1
cash,2498,1
cent,2502,1,2503,1
char,2498,1,2499,1,2500,1,2501,1,2502,1,2503,1,2504,1,2505,1,2506,1
children,2500,1
cn,2498,1
cohen,2498,1
commo,2498,1
compani,2501,1
cryptocurr,2505,1
curiou,2504,1
dalla,2502,1,2503,1
dave,2505,1
declar,2498,1,2502,1,2503,1
defraud,2505,1
develop,2506,1
director,2498,1,2502,1,2503,1
dividend,2498,1,2502,1,2503,1
dure,2506,1
ear,2504,1
earn,2501,1,2504,1
eight,2502,1,2503,1
especi,2506,1
estat,2505,1
explor,2504,1
fairfield,2499,1
festiv,2506,1
final,2500,1
financi,2504,1,2506,1,2507,1
fla,2501,1
folla,2500,1
for,2498,1,2500,1
founder,2505,2
fourth,2498,1
frp,2501,1
frph,2501,1
gaza,2500,1
globe,2501,1,2502,1,2503,1
gotten,2500,1
group,2499,1
ha,2502,1,2503,1
have,2500,1,2505,1
her,2500,2,2504,2
high-end,2505,1
highlight,2507,1
hold,2501,1
hospit,2499,1
host,2501,1
hotel,2499,1
how,2504,1
husband,2500,1
i,2505,1
in,2498,1,2499,1,2500,1,2504,1,2506,1
inc,2498,1,2501,1,2502,1,2503,1
includ,2504,1
inn,2499,1
institut,2506,1
investor,2505,1
is,2504,1
issu,2501,1
it,2499,1,2501,1,2502,2,2503,2
jacksonvil,2501,1
jll,2499,1
jll',2499,1
key,2499,1
lana,2504,2
last,2506,1
lure,2506,1
massachusett,2499,1
middleborough,2499,1
money,2505,1
month,2500,1
much,2504,1
nasdaq,2501,1
net,2504,2
news,2500,1
newswir,2501,1,2502,1,2503,1
nov,2498,1,2499,1,2501,1,2502,1,2503,1
novemb,2501,1
nyse,2498,1,2502,1,2503,1
of,2498,5,2499,1,2502,2,2503,2,2504,1,2505,3,2506,3
on,2501,1,2502,1,2503,1
onc,2505,1
out,2500,2
per,2498,1,2502,1,2503,1
percent,2506,1
place,2506,1
plymouth,2499,1
portnoy,2505,1
prnewswir,2498,1
quarter,2498,1,2506,1
quarterli,2502,1,2503,1
ramiz,2500,1
raynham,2499,1
real,2505,1
regular,2502,1,2503,1
residenti,2506,1
result,2501,1
rhoad,2504,2
salari,2504,1
sale,2499,1,2506,1
saqer,2500,1
season,2506,1
share,2498,1,2502,1,2503,1
she,2504,1
sinc,2500,1
sport,2505,1
stabl,2505,1
statu,2504,1
steer,2498,1
still,2500,1
suit,2499,1
take,2506,1
texa,2502,1,2503,1
th,2500,1
that,2499,1,2500,1,2502,1,2503,1
the,2498,3,2499,2,2500,1,2501,1,2504,1,2505,1,2506,3
their,2505,1
they,2500,1
thi,2504,1
third-quart,2501,1
to,2505,1
today,2499,1,2502,1,2503,1
tout,2505,1
trap,2500,1
two,2500,1
unit,2506,1
use,2505,1
valhi,2502,1,2503,1
vhi,2502,1,2503,1
w,2499,1
wait,2500,1
war,2500,1
we,2504,1
wednesday,2501,1
what,2504,1
when,2506,1
will,2501,1,2504,1
with,2500,1
wonder,2504,1
worth,2504,2
year,2506,1
york,2498,1
you,2504,1
youni,2500,1
