<li>,1534,1
<ol>,1534,1
a,1527,2,1528,1,1529,1,1530,1,1531,1,1532,2,1533,2
acfm,1530,1
affair,1534,2
after,1532,1
against,1528,1
agent,1530,1
airport,1529,1
alert,1529,1
almost,1528,1
amid,1526,1,1531,1
an,1526,1,1532,1
and,1527,2,1528,1,1530,1,1531,1,1532,1,1533,2,1534,2,1535,1
ap,1532,1
arm,1532,1
as,1526,1,1531,1
asian,1530,1
attack,1528,1,1532,1
attract,1528,1
australian,1534,1
author,1529,1
aviat,1529,1
be,1529,1
beij,1527,1,1533,1
between,1527,1,1533,1
blame,1527,1,1533,1
block,1532,1
boat,1527,1,1533,1
bomb,1529,1
britain,1531,1
busan,1530,1
but,1530,1
can,1528,1
canada,1531,1
case,1532,1
char,1525,1,1526,1,1527,1,1528,1,1529,1,1530,1,1531,1,1532,1,1533,1,1534,1
chief,1528,1
chin,1533,1
china,1527,1
chines,1526,1,1527,1,1532,1,1533,1
civil,1529,1
collid,1532,1
collis,1527,1,1533,1
command,1528,1
complet,1530,1
content,1530,1
could,1529,1
countri,1526,1
creat,1528,1
crise,1526,1
cyber,1528,2
daili,1528,1
defenc,1528,1
defend,1532,1
develop,1530,1
disput,1527,1,1533,1
effort,1526,1
enhan,1529,1
ensur,1528,1
exercis,1531,1
expert,1528,1
filipino,1527,1,1533,1
film,1530,2
flare,1531,1
follow,1529,1
for,1527,1,1533,1,1534,3
forc,1531,2
foreign,1526,1,1534,2
friday,1529,1
from,1531,1
geopolit,1526,1
grow,1526,1
ha,1529,1
heighten,1529,1
hon,1534,2
immedi,1529,1
improv,1528,1
in,1527,1,1530,1,1531,1,1532,1,1533,1
increasingli,1530,1
industri,1530,1
is,1528,1,1530,1
it,1528,1,1529,1,1530,1,1532,1
japan,1531,1
joint,1531,1,1534,1
kick,1531,1
later,1526,1
manila,1527,1,1528,1,1529,1,1531,2,1532,1,1533,2
market,1530,1
marketplac,1530,1
militari,1528,1
minist,1526,1,1534,3
mission,1527,1,1533,1
monday,1531,1,1532,1
naval,1531,1
octob,1534,1
of,1526,1,1529,1,1531,2,1532,1
off,1529,1,1531,1
on,1527,3,1529,3,1531,1,1533,2
ongo,1526,1
onlin,1528,1
outpost,1527,1,1533,1
part,1526,1
penni,1534,1
philippin,1527,1,1528,1,1529,1,1531,1,1532,2,1533,1
place,1529,1
plane,1529,1
platform,1530,1
project,1530,1
recruit,1528,1
region,1531,1
relax,1528,1
remot,1527,1,1533,1
renew,1532,1
repair,1526,1
resuppli,1527,1,1533,1
rule,1528,1
s,1530,2
said,1529,1
sale,1530,1
sea,1527,1
sell,1530,1
senat,1534,2
seri,1529,1
set,1529,1,1530,1
ship,1532,1
show,1531,1
south,1527,1,1533,1
stall,1530,1
state,1526,1,1531,1,1532,1
statement,1534,1
strain,1526,1
sunday,1527,1,1533,1
tensi,1531,1
that,1529,1,1532,1
the,1526,2,1527,1,1528,2,1529,1,1531,1,1532,2,1533,1,1534,4
their,1530,1
thi,1526,1
tie,1526,1
to,1526,2,1527,1,1528,2,1530,1,1533,1
tourism,1534,1
trade,1527,1,1533,1,1534,1
travel,1526,1
treati,1532,1
troop,1527,1,1533,1
two,1526,1,1527,1,1531,1,1533,1
under,1532,1
unit,1526,1,1531,1,1532,1
up,1530,1
v,1526,1
vessel,1527,1,1533,1
wang,1526,2
warn,1529,1,1532,1
water,1531,1
week,1526,1,1531,1
where,1530,1
will,1526,2,1528,1
with,1532,1
wong,1534,1
would,1532,1
yi,1526,1
