a,2333,1,2335,1,2336,3,2338,1,2339,1,2340,1
accord,2337,1
adam,2333,1,2340,1
age,2333,1
agent,2336,1
aht,2338,1
alexandria,2337,1
alreadi,2340,1
an,2333,1,2338,1,2340,1
and,2335,1,2336,1,2339,1
are,2337,1,2338,1
ashford,2338,2
asset,2335,1,2337,1,2339,1
at,2333,1,2338,1
attorney,2332,1
bam-t,2335,1
be,2332,1,2340,1
been,2331,1
bill,2336,1
brokerag,2335,1
brookfield,2335,1,2339,1
bureau,2333,1
but,2331,1
by,2337,1
campaign,2340,1
canada,2335,1
canada',2339,1
challeng,2336,1
char,2331,1,2332,1,2333,1,2334,1,2335,1,2336,1,2337,1,2338,1,2339,1
chief,2333,1
children,2332,1
citi,2333,1
cog,2340,1
comment,2340,1
commiss,2336,1
compani,2334,1,2337,1
con,2335,1
conduct,2333,1
could,2340,1
court,2336,1
cushman,2335,1,2339,1
dalla,2334,1
declin,2331,1
democrat,2333,1
determin,2336,1
donald,2332,2
end,2334,1
equiti,2337,1
eric,2332,1,2333,1
essenti,2340,1
estat,2334,1,2335,1,2336,1,2337,1,2338,1
fbi,2333,2
feder,2333,1,2336,1
financ,2334,1
financi,2334,1
fire,2335,1,2339,1
firm,2335,1
follow,2331,1
foot,2336,1
for,2332,1,2333,1,2334,1,2335,1,2339,1,2340,2
former,2332,2
fraud,2332,1
free,2337,1
from,2335,1,2339,1
fundrais,2333,1,2340,1
gener,2332,1
get,2338,1
group,2337,1
ha,2335,1,2339,1,2340,1
handl,2335,1,2339,1
have,2331,1
hi,2332,1,2340,1
higher,2338,1
home,2333,1,2336,1
hospit,2338,2
immedi,2340,1
impax,2337,1
in,2331,1,2332,1,2335,1,2336,1,2337,3,2339,1,2340,1
inc,2334,1,2337,1,2338,2
increas,2337,1,2338,1
industri,2336,1
investig,2333,1
is,2332,2,2338,1,2340,1
it,2334,1,2335,1,2337,2,2339,1
jame,2332,1
juri,2336,1
list,2335,1,2339,1
logist,2335,1,2339,1
longstand,2336,1
machin,2340,1
manag,2335,1,2337,1,2339,1
mayor,2333,1
million,2340,1
moder,2338,1
more,2340,1
morn,2333,1
most,2337,1
new,2332,1,2333,2
nexpoint,2334,1
not,2340,1
nov,2334,1,2339,1
nref,2334,3
number,2331,1
nyse,2334,1,2337,1
of,2332,1,2333,2,2336,2,2337,1,2338,1
offic,2335,1,2339,1
on,2332,1,2336,1,2338,1
one,2336,1
or,2334,1,2338,1
plc,2337,1
practic,2336,1
presid,2332,2
prnewswir,2334,1
quarter,2334,1,2337,1
raid,2333,1
rais,2340,1
re,2337,1
reach,2340,1
real,2334,1,2335,1,2336,1,2337,1,2338,1,2339,1
receiv,2336,1
reelect,2340,1
rep,2334,1
report,2333,1,2334,1,2337,1
result,2334,1
reuter,2339,1
sale,2336,1
second,2332,1,2337,1
seek,2336,1
septemb,2334,1
seri,2336,1
set,2332,1
share,2337,1
spokesperson,2335,1,2339,1
stake,2337,1
state,2335,1,2339,1
stock,2338,2
su,2332,1
sugg,2340,1
testifi,2332,1
than,2340,1
that,2336,1
the,2332,1,2333,4,2334,2,2335,2,2336,3,2337,2,2339,2
these,2338,1
third,2340,1
thursday,2332,1,2333,1
time,2333,1
to,2332,2,2336,1,2337,1
today,2334,1
toronto,2339,1
trade,2338,2
trial,2332,1
trump,2332,2
trump',2332,1
trust,2338,2
unit,2335,1,2339,1
upend,2336,1
volum,2338,1
wakefield,2335,1,2339,1
which,2340,1
who,2336,1,2340,1
york,2332,1,2333,2
