</li>,3006,4
<li>,3006,5
<ul>,3006,1
a,3007,1,3011,1
abort,3006,1
about,3004,1
accord,3005,1,3007,1,3009,1
act,3004,1
ad,3010,1
adam,3004,1
adient,3005,1
adnt,3005,1
advisor,3009,1
after,3006,1
america,3006,1
an,3011,1,3012,1
and,3004,1,3010,1,3012,1
are,3012,1
associ,3011,1
automak,3011,1
back,3012,1
battl,3006,1
been,3010,1
betw,3004,1
by,3005,1,3009,1
c,3008,1
capit,3009,1
car,3011,1,3012,1
carlo,3012,1
char,3004,1,3005,1,3006,1,3007,1,3008,1,3009,1,3010,1,3011,1
chevi,3012,1
china,3011,1
china-mad,3011,2
circuit,3012,1
come,3006,1
compani,3005,1,3008,1
compar,3008,1
consensu,3008,1
cpca,3011,1
deck,3012,1
deliv,3011,1
design,3012,1
dice,3012,1
down,3004,1,3011,1
dublin,3010,1
dure,3004,1,3005,1,3007,1,3009,1
earlier,3011,1
earn,3008,1
edg,3012,1
electr,3011,1
ep,3008,2
estim,3008,1
extend,3012,1
file,3005,1,3007,1,3009,1
firm,3007,1
for,3006,3,3008,1
forecast,3010,1
form,3005,1,3009,1
free,3005,1,3007,1,3008,1,3009,1
from,3011,1
gener,3009,1
get,3008,1
give,3012,1
global,3010,2
globe,3010,1
gm,3009,1
gmm,3009,1
guidanc,3008,2
ha,3010,1
hold,3005,1
host,3004,1
how,3006,1
if,3012,1
in,3005,2,3006,1,3007,1,3009,1,3011,1
inc,3007,1
industri,3010,1
intend,3012,1
invest,3005,1
it,3005,2,3007,1,3008,1,3009,2
itt,3008,2
lazr,3007,1
lessen,3005,1
let,3012,1
llc,3005,1,3009,1
lower,3009,1
luminar,3007,1
manag,3005,1
market,3010,1
model,3011,1
mont,3012,1
month,3011,1
morgan,3004,1
most,3005,1,3007,1,3009,1
motco,3007,1
motor,3009,1
music,3004,1
nascar,3012,1
nasdaq,3007,1
new,3006,1,3007,1
newswir,3010,1
next,3006,3
nice,3012,1
no,3012,1
nov,3010,1
nyse,3005,1,3008,1,3009,1
octob,3011,1
of,3008,2,3009,1,3011,1
on,3004,1,3008,1,3011,1,3012,2
opportun,3010,1
or,3012,1
park,3004,1
passeng,3011,1
patio,3004,1
period,3008,1
play,3004,1
plc,3005,1
porch,3004,1
porchfest,3004,2
posit,3007,1
power,3010,1
price,3012,1
provid,3008,1
purchas,3007,2
pzena,3005,1
quarter,3005,1,3007,1,3009,1
recent,3005,1,3007,1,3009,1
report,3005,1,3007,1,3008,1,3009,1,3010,1
researchandmarkets.co,3010,1
right,3006,2
russia,3006,1
s,3005,1,3009,1
said,3011,1
school,3006,1
sec,3007,1
second,3005,1,3009,1
see,3012,1
share,3007,1,3009,1,3010,1
shoot,3006,1
shorten,3012,1
shut,3004,1
size,3010,1
ss,3012,1
stage,3004,1
stake,3009,1
steer,3010,1
street,3004,1
strip,3004,1
technolog,3007,1
tesla,3011,1
texa,3006,1
the,3004,2,3005,3,3006,1,3007,3,3008,4,3009,1,3010,1,3011,1,3012,3
thursday,3008,1
thursday.sal,3011,1
to,3004,1,3005,1,3007,1,3008,1,3009,1,3010,1,3012,1
today,3012,1
trend,3010,1
tse,3009,1
tweak,3012,1
u,3009,2
updat,3008,1
us,3011,1
vehicl,3011,1
vote,3006,1
w,3006,1
wealth,3009,1
what,3006,2
what',3006,1
which,3004,1
window,3012,1
with,3005,1,3007,1,3009,1
